789,12.0896,0.0013,1.320
58022.26839,12.0838,0.0013,1.322
58022.26890,12.0917,0.0013,1.325
58022.26941,12.0936,0.0013,1.328
58022.26992,12.0955,0.0014,1.330
58022.27043,12.0958,0.0014,1.333
58022.27094,12.0873,0.0014,1.336
58022.27144,12.0860,0.0014,1.338
58022.27194,12.0848,0.0015,1.341
58022.27244,12.0936,0.0015,1.344
58022.27295,12.0925,0.0016,1.347
58022.27345,12.0965,0.0016,1.349
58022.27396,12.0939,0.0016,1.352
58022.27447,12.0936,0.0016,1.355
58022.27498,12.0889,0.0016,1.358
58022.27549,12.0981,0.0015,1.361
58022.27600,12.0893,0.0015,1.363
58022.27650,12.0914,0.0015,1.366
58022.27700,12.0885,0.0015,1.369
58022.27751,12.0886,0.0015,1.372
58022.27803,12.0937,0.0015,1.375
58022.27854,12.0998,0.0015,1.378
58022.27905,12.0854,0.0016,1.381
58022.27955,12.0932,0.0016,1.384
58022.28006,12.0983,0.0017,1.387
58022.28057,12.0921,0.0018,1.390
58022.28108,12.0880,0.0018,1.393
58022.28159,12.0875,0.0018,1.396
58022.28208,12.0916,0.0018,1.399
58022.28259,12.0848,0.0017,1.403
58022.28310,12.0948,0.0017,1.406
58022.28361,12.0913,0.0017,1.409
58022.28412,12.1005,0.0016,1.412
58022.28463,12.0927,0.0016,1.415
58022.28514,12.0889,0.0016,1.419
58022.28564,12.0908,0.0015,1.422
58022.28615,12.0915,0.0015,1.425
58022.28662,12.0929,0.0015,1.428
58022.28713,12.0906,0.0015,1.432
58022.28760,12.0892,0.0016,1.435
58022.28811,12.0907,0.0016,1.438
58022.28861,12.0859,0.0017,1.441
58022.28911,12.0932,0.0017,1.445
58022.28962,12.0922,0.0016,1.448
58022.29012,12.0949,0.0016,1.452
58022.29061,12.0908,0.0015,1.455
58022.29113,12.0882,0.0025,1.459
58023.09510,12.0863,0.0015,1.039
58023.09561,12.0828,0.0015,1.039
58023.09612,12.0871,0.0015,1.039
58023.09663,12.0875,0.0009,1.038
58023.09714,12.0876,0.0010,1.038
58023.09765,12.0905,0.0012,1.037
58023.09816,12.0848,0.0013,1.037
58023.09866,12.0854,0.0014,1.037
58023.09917,12.0819,0.0015,1.036
58023.09968,12.0848,0.0015,1.036
58023.10017,12.0812,0.0015,1.036
58023.10068,12.0801,0.0016,1.035
58023.10119,12.0820,0.0015,1.035
58023.10169,12.0834,0.0015,1.034
58023.10220,12.0849,0.0015,1.034
58023.10271,12.0910,0.0015,1.034
58023.10323,12.0821,0.0015,1.034
58023.10374,12.0862,0.0015,1.033
58023.10424,12.0834,0.0015,1.033
58023.10475,12.0878,0.0016,1.033
58023.10524,12.0846,0.0016,1.032
58023.10574,12.0875,0.0016,1.032
58023.10625,12.0891,0.0017,1.032
58023.10675,12.0927,0.0017,1.032
58023.10726,12.0855,0.0016,1.031
58023.10777,12.0901,0.0016,1.031
58023.10828,12.0872,0.0015,1.031
58023.10874,12.0858,0.0014,1.031
58023.10924,12.0844,0.0013,1.030
58023.10975,12.0863,0.0012,1.030
58023.11025,12.0872,0.0012,1.030
58023.11075,12.0875,0.0011,1.030
58023.11125,12.0869,0.0011,1.029
58023.11177,12.0865,0.0012,1.029
58023.11227,12.0853,0.0012,1.029
58023.11278,12.0880,0.0013,1.029
58023.11328,12.0840,0.0013,1.029
58023.11377,12.0858,0.0013,1.029
58023.11428,12.0904,0.0014,1.028
58023.11479,12.0820,0.0014,1.028
58023.11529,12.0894,0.0014,1.028
58023.11580,12.0905,0.0014,1.028
58023.11630,12.0902,0.0014,1.028
58023.11681,12.0893,0.0014,1.028
58023.11730,12.0916,0.0014,1.028
58023.11781,12.0903,0.0014,1.027
58023.11831,12.0923,0.0014,1.027
58023.11882,12.0854,0.0014,1.027
58023.11932,12.0849,0.0013,1.027
58023.11983,12.0910,0.0013,1.027
58023.12034,12.0772,0.0013,1.027
58023.12083,12.0868,0.0013,1.027
58023.12133,12.0904,0.0013,1.027
58023.12184,12.0879,0.0013,1.027
58023.12235,12.0881,0.0013,1.027
58023.12286,12.0853,0.0013,1.027
58023.12336,12.0852,0.0013,1.026
58023.12387,12.0868,0.0013,1.026
58023.12438,12.0895,0.0013,1.026
58023.12487,12.0856,0.0013,1.026
58023.12538,12.0827,0.0013,1.026
58023.12589,12.0877,0.0013,1.026
58023.12640,12.0846,0.0013,1.026
58023.12690,12.0855,0.0013,1.026
58023.12741,12.0916,0.0013,1.026
58023.12791,12.0897,0.0013,1.026
58023.12841,12.0850,0.0014,1.026
58023.12891,12.0867,0.0014,1.026
58023.12942,12.0875,0.0015,1.026
58023.12992,12.0913,0.0016,1.026
58023.13043,12.0904,0.0017,1.026
58023.13094,12.0902,0.0017,1.027
58023.13145,12.0910,0.0017,1.027
58023.13196,12.0904,0.0017,1.027
58023.13247,12.0894,0.0016,1.027
58023.13297,12.0828,0.0016,1.027
58023.13347,12.0951,0.0015,1.027
58023.13398,12.0886,0.0014,1.027
58023.13449,12.0902,0.0013,1.027
58023.13499,12.0880,0.0013,1.027
58023.13549,12.0882,0.0012,1.027
58023.13600,12.0894,0.0011,1.027
58023.13650,12.0891,0.0011,1.027
58023.13701,12.0863,0.0011,1.028
58023.13751,12.0970,0.0011,1.028
58023.13801,12.0871,0.0011,1.028
58023.13852,12.0879,0.0011,1.028
58023.13902,12.0904,0.0011,1.028
58023.13951,12.0801,0.0010,1.028
58023.14002,12.0851,0.0010,1.029
58023.14052,12.0824,0.0010,1.029
58023.14103,12.0862,0.0009,1.029
58023.14154,12.0897,0.0009,1.029
58023.14205,12.0824,0.0008,1.029
58023.14256,12.0928,0.0008,1.029
58023.14307,12.0926,0.0007,1.030
58023.14358,12.0834,0.0007,1.030
58023.14409,12.0829,0.0007,1.030
58023.14458,12.0897,0.0007,1.030
58023.14510,12.0895,0.0007,1.031
58023.14561,12.0877,0.0007,1.031
58023.14611,12.0899,0.0008,1.031
58023.14662,12.0847,0.0008,1.031
58023.14713,12.0846,0.0008,1.032
58023.14764,12.0902,0.0008,1.032
58023.14815,12.0893,0.0008,1.032
58023.14865,12.0865,0.0008,1.032
58023.14916,12.0870,0.0008,1.033
58023.14965,12.0891,0.0008,1.033
58023.15016,12.0877,0.0008,1.033
58023.15067,12.0864,0.0008,1.034
58023.15118,12.0857,0.0008,1.034
58023.15169,12.0853,0.0009,1.034
58023.15219,12.0873,0.0009,1.034
58023.15270,12.0883,0.0010,1.035
58023.15321,12.0899,0.0012,1.035
58023.15372,12.0882,0.0014,1.036
58023.15422,12.0861,0.0016,1.036
58023.15473,12.0884,0.0017,1.036
58023.15524,12.0939,0.0018,1.037
58023.15574,12.0866,0.0019,1.037
58023.15626,12.0873,0.0019,1.037
58023.15677,12.0856,0.0018,1.038
58023.15727,12.0892,0.0018,1.038
58023.15777,12.0892,0.0017,1.039
58023.15828,12.0890,0.0015,1.039
58023.15880,12.0888,0.0014,1.039
58023.15929,12.0929,0.0012,1.040
58023.15979,12.0813,0.0011,1.040
58023.16030,12.0901,0.0011,1.041
58023.16081,12.0860,0.0011,1.041
58023.16128,12.0919,0.0011,1.041
58023.16179,12.0829,0.0011,1.042
58023.16230,12.0906,0.0011,1.042
58023.16280,12.0920,0.0011,1.043
58023.16330,12.0919,0.0011,1.043
58023.16380,12.0897,0.0011,1.044
58023.16432,12.0926,0.0011,1.044
58023.16483,12.0916,0.0012,1.045
58023.16532,12.0924,0.0012,1.045
58023.16583,12.0957,0.0012,1.046
58023.16634,12.0880,0.0013,1.046
58023.16685,12.0888,0.0013,1.047
58023.16736,12.0895,0.0013,1.047
58023.16787,12.0947,0.0013,1.048
58023.16838,12.0898,0.0013,1.049
58023.16889,12.0975,0.0013,1.049
58023.16940,12.0807,0.0013,1.050
58023.16991,12.0867,0.0012,1.050
58023.17042,12.0891,0.0012,1.051
58023.17093,12.0909,0.0012,1.051
58023.17142,12.0883,0.0011,1.052
58023.17192,12.0905,0.0011,1.053
58023.17243,12.0841,0.0010,1.053
58023.17294,12.0942,0.0010,1.054
58023.17344,12.0870,0.0010,1.054
58023.17395,12.0910,0.0009,1.055
58023.17444,12.0924,0.0009,1.056
58023.17495,12.0935,0.0009,1.056
58023.17546,12.0862,0.0010,1.057
58023.17597,12.0834,0.0010,1.058
58023.17648,12.0895,0.0010,1.058
58023.17698,12.0918,0.0010,1.059
58023.17749,12.0922,0.0010,1.060
58023.17800,12.0847,0.0010,1.060
58023.17852,12.0856,0.0010,1.061
58023.17903,12.0940,0.0010,1.062
58023.17954,12.0860,0.0010,1.062
58023.18003,12.0850,0.0009,1.063
58023.18056,12.0885,0.0009,1.064
58023.18106,12.0881,0.0009,1.065
58023.18157,12.0905,0.0009,1.065
58023.18208,12.0842,0.0009,1.066
58023.18258,12.0928,0.0009,1.067
58023.18309,12.0835,0.0009,1.068
58023.18360,12.0926,0.0009,1.068
58023.18407,12.0872,0.0010,1.069
58023.18458,12.0837,0.0010,1.070
58023.18508,12.0858,0.0011,1.071
58023.18559,12.0855,0.0012,1.072
58023.18610,12.0972,0.0013,1.072
58023.18661,12.0875,0.0014,1.073
58023.18712,12.0915,0.0015,1.074
58023.18762,12.0908,0.0016,1.075
58023.18812,12.0882,0.0016,1.076
58023.18863,12.0912,0.0017,1.077
58023.18914,12.0904,0.0017,1.077
58023.18965,12.0902,0.0017,1.078
58023.19016,12.0926,0.0018,1.079
58023.19066,12.0834,0.0017,1.080
58023.19117,12.0852,0.0017,1.081
58023.19168,12.0888,0.0017,1.082
58023.19219,12.0916,0.0017,1.083
58023.19270,12.0921,0.0017,1.084
58023.19319,12.0957,0.0016,1.085
58023.19370,12.0864,0.0015,1.085
58023.19420,12.0844,0.0014,1.086
58023.19471,12.0892,0.0013,1.087
58023.19522,12.0851,0.0012,1.088
58023.19573,12.0830,0.0011,1.089
58023.19623,12.0859,0.0010,1.090
58023.19672,12.0853,0.0009,1.091
58023.19723,12.0861,0.0009,1.092
58023.19773,12.0808,0.0008,1.093
58023.19824,12.0922,0.0008,1.094
58023.19875,12.0866,0.0008,1.095
58023.20102,12.0894,0.0008,1.100
58023.20152,12.0950,0.0008,1.101
58023.20201,12.0908,0.0008,1.102
58023.20252,12.0954,0.0008,1.103
58023.20303,12.0861,0.0009,1.104
58023.20354,12.0905,0.0010,1.105
58023.20405,12.0912,0.0011,1.106
58023.20455,12.0883,0.0013,1.107
58023.20506,12.0870,0.0014,1.109
58023.20557,12.0865,0.0015,1.110
58023.20606,12.0920,0.0016,1.111
58023.20657,12.0879,0.0016,1.112
58023.20707,12.0928,0.0017,1.113
58023.20757,12.0933,0.0017,1.114
58023.20809,12.0905,0.0017,1.115
58023.20855,12.0838,0.0017,1.117
58023.20906,12.0878,0.0016,1.118
58023.20957,12.0884,0.0016,1.119
58023.21008,12.0918,0.0015,1.120
58023.21059,12.0922,0.0015,1.121
58023.21109,12.0880,0.0014,1.123
58023.21156,12.0939,0.0014,1.124
58023.21207,12.0885,0.0014,1.125
58023.21257,12.0922,0.0014,1.126
58023.21308,12.0918,0.0013,1.128
58023.21359,12.0905,0.0013,1.129
58023.21410,12.0844,0.0013,1.130
58023.21461,12.0839,0.0013,1.131
58023.21512,12.0874,0.0014,1.133
58023.21563,12.0896,0.0015,1.134
58023.21613,12.0903,0.0016,1.135
58023.21664,12.0909,0.0017,1.137
58023.21715,12.0884,0.0017,1.138
58023.21766,12.0886,0.0018,1.140
58023.21817,12.0933,0.0018,1.141
58023.21869,12.0872,0.0019,1.142
58023.21920,12.0895,0.0019,1.144
58023.21968,12.0852,0.0018,1.145
58023.22019,12.0856,0.0018,1.146
58023.22069,12.0863,0.0017,1.148
58023.22120,12.0876,0.0016,1.149
58023.22171,12.0862,0.0015,1.151
58023.22223,12.0852,0.0015,1.152
58023.22274,12.0864,0.0014,1.154
58023.22325,12.0827,0.0014,1.155
58023.22376,12.0860,0.0014,1.157
58023.22427,12.0891,0.0014,1.158
58023.22478,12.0836,0.0015,1.160
58023.22525,12.0830,0.0015,1.161
58023.22576,12.0932,0.0016,1.163
58023.22627,12.0782,0.0016,1.164
58023.22678,12.0846,0.0016,1.166
58023.22729,12.0844,0.0016,1.167
58023.22780,12.0959,0.0016,1.169
58023.22831,12.0877,0.0015,1.170
58023.22882,12.0900,0.0015,1.172
58023.22933,12.0827,0.0014,1.174
58023.22984,12.0871,0.0014,1.175
58023.23035,12.0894,0.0014,1.177
58023.23082,12.0922,0.0013,1.179
58023.23134,12.0895,0.0013,1.180
58023.23185,12.0858,0.0013,1.182
58023.23236,12.0855,0.0013,1.184
58023.23287,12.0913,0.0014,1.185
58023.23334,12.0918,0.0014,1.187
58023.23385,12.0913,0.0015,1.189
58023.23436,12.0841,0.0016,1.190
58023.23487,12.0852,0.0016,1.192
58023.23538,12.0962,0.0017,1.194
58023.23590,12.0956,0.0018,1.196
58023.23641,12.0925,0.0020,1.197
58023.23692,12.0885,0.0021,1.199
58023.23743,12.0867,0.0023,1.201
58023.23794,12.0937,0.0024,1.203
58023.23845,12.0905,0.0026,1.205
58023.23896,12.0772,0.0028,1.206
58023.23947,12.0830,0.0029,1.208
58023.23998,12.0892,0.0031,1.210
58023.24049,12.0936,0.0032,1.212
58023.24098,12.0926,0.0032,1.214
58023.24149,12.0796,0.0032,1.216
58023.24201,12.0868,0.0031,1.218
58023.24251,12.0836,0.0030,1.220
58023.24302,12.0812,0.0029,1.222
58023.24353,12.0856,0.0027,1.223
58023.24404,12.0915,0.0025,1.225
58023.24455,12.0954,0.0023,1.227
58023.24506,12.0881,0.0020,1.229
58023.24557,12.0926,0.0018,1.231
58023.24606,12.0913,0.0016,1.233
58023.24656,12.0876,0.0015,1.235
58023.24707,12.0828,0.0014,1.237
58023.24758,12.0839,0.0013,1.239
58023.24809,12.0903,0.0013,1.242
58023.24860,12.0926,0.0013,1.244
58023.24910,12.1013,0.0012,1.246
58023.24961,12.0830,0.0012,1.248
58023.25012,12.0868,0.0012,1.250
58023.25058,12.0852,0.0013,1.252
58023.25108,12.0970,0.0013,1.254
58023.25157,12.0862,0.0014,1.256
58023.25207,12.0862,0.0015,1.258
58023.25258,12.0892,0.0015,1.260
58023.25309,12.0875,0.0016,1.263
58023.25360,12.0821,0.0017,1.265
58023.25411,12.0929,0.0017,1.267
58023.25462,12.1013,0.0018,1.269
58023.25513,12.0871,0.0018,1.272
58023.25564,12.0891,0.0019,1.274
58023.25615,12.0880,0.0019,1.276
58023.25664,12.0934,0.0019,1.279
58023.25715,12.0949,0.0019,1.281
58023.25766,12.0854,0.0019,1.283
58023.25816,12.0895,0.0019,1.286
58023.25867,12.0858,0.0019,1.288
58023.25918,12.0912,0.0018,1.290
58023.25968,12.0901,0.0018,1.293
58023.26017,12.0880,0.0018,1.295
58023.26068,12.0829,0.0017,1.298
58023.26119,12.0935,0.0016,1.300
58023.26171,12.0947,0.0015,1.303
58023.26222,12.0839,0.0015,1.305
58023.26272,12.0929,0.0014,1.308
58023.26323,12.0980,0.0014,1.310
58023.26373,12.0898,0.0013,1.313
58023.26424,12.0868,0.0012,1.315
58023.26475,12.0850,0.0023,1.318
58024.10640,12.0862,0.0014,1.030
58024.10691,12.0837,0.0014,1.030
58024.10742,12.0846,0.0014,1.030
58024.10793,12.0819,0.0012,1.030
58024.10844,12.0907,0.0012,1.029
58024.10895,12.0859,0.0013,1.029
58024.10947,12.0888,0.0013,1.029
58024.10997,12.0895,0.0013,1.029
58024.11047,12.0877,0.0013,1.029
58024.11098,12.0942,0.0013,1.029
58024.11150,12.0900,0.0013,1.028
58024.11201,12.0948,0.0013,1.028
58024.11251,12.0878,0.0013,1.028
58024.11302,12.0903,0.0013,1.028
58024.11353,12.0841,0.0013,1.028
58024.11404,12.0857,0.0014,1.028
58024.11455,12.0894,0.0014,1.028
58024.11505,12.0866,0.0015,1.027
58024.11554,12.0843,0.0015,1.027
58024.11605,12.0896,0.0015,1.027
58024.11655,12.0885,0.0015,1.027
58024.11706,12.0875,0.0015,1.027
58024.11757,12.0831,0.0015,1.027
58024.11807,12.0846,0.0015,1.027
58024.11858,12.0891,0.0014,1.027
58024.11907,12.0929,0.0014,1.027
58024.11958,12.0886,0.0013,1.027
58024.12009,12.0863,0.0013,1.027
58024.12060,12.0885,0.0013,1.026
58024.12111,12.0893,0.0012,1.026
58024.12162,12.0869,0.0012,1.026
58024.12213,12.0843,0.0013,1.026
58024.12264,12.0919,0.0013,1.026
58024.12315,12.0943,0.0013,1.026
58024.12366,12.0916,0.0014,1.026
58024.12416,12.0865,0.0014,1.026
58024.12468,12.0824,0.0015,1.026
58024.12519,12.0824,0.0016,1.026
58024.12569,12.0861,0.0017,1.026
58024.12620,12.0845,0.0018,1.026
58024.12671,12.0858,0.0019,1.026
58024.12722,12.0920,0.0020,1.026
58024.12773,12.0917,0.0020,1.026
58024.12823,12.0845,0.0021,1.027
58024.12874,12.0959,0.0021,1.027
58024.12924,12.0893,0.0021,1.027
58024.12973,12.0924,0.0020,1.027
58024.13023,12.0883,0.0020,1.027
58024.13074,12.0948,0.0019,1.027
58024.13125,12.0887,0.0018,1.027
58024.13176,12.0888,0.0017,1.027
58024.13226,12.0739,0.0016,1.027
58024.13278,12.0951,0.0015,1.027
58024.13328,12.0911,0.0015,1.027
58024.13377,12.0805,0.0014,1.027
58024.13428,12.0809,0.0014,1.028
58024.13478,12.0916,0.0014,1.028
58024.13529,12.0807,0.0014,1.028
58024.13580,12.0848,0.0014,1.028
58024.13630,12.0839,0.0015,1.028
58024.13682,12.0901,0.0016,1.028
58024.13733,12.0880,0.0016,1.029
58024.13784,12.0855,0.0016,1.029
58024.13833,12.0754,0.0016,1.029
58024.13883,12.0820,0.0016,1.029
58024.13934,12.0870,0.0015,1.029
58024.13986,12.0884,0.0015,1.029
58024.14037,12.0888,0.0014,1.030
58024.14087,12.0827,0.0013,1.030
58024.14137,12.0946,0.0012,1.030
58024.14188,12.0886,0.0012,1.030
58024.14237,12.0835,0.0012,1.031
58024.14287,12.0833,0.0012,1.031
58024.14338,12.0981,0.0012,1.031
58024.14389,12.0842,0.0013,1.031
58024.14439,12.0844,0.0013,1.032
58024.14490,12.0905,0.0014,1.032
58024.14541,12.0800,0.0014,1.032
58024.14590,12.0884,0.0015,1.032
58024.14640,12.0898,0.0016,1.033
58024.14691,12.0827,0.0016,1.033
58024.14741,12.0814,0.0017,1.033
58024.14793,12.0910,0.0017,1.034
58024.14843,12.0816,0.0018,1.034
58024.14892,12.0991,0.0018,1.034
58024.14943,12.0892,0.0018,1.034
58024.14993,12.0811,0.0017,1.035
58024.15045,12.0864,0.0017,1.035
58024.15095,12.0858,0.0016,1.035
58024.15146,12.0871,0.0016,1.036
58024.15196,12.0805,0.0015,1.036
58024.15247,12.0864,0.0014,1.037
58024.15296,12.0840,0.0014,1.037
58024.15347,12.0884,0.0013,1.037
58024.15398,12.0834,0.0013,1.038
58024.15449,12.0941,0.0012,1.038
58024.15500,12.0866,0.0012,1.038
58024.15551,12.0825,0.0012,1.039
58024.15602,12.0832,0.0012,1.039
58024.15653,12.0851,0.0012,1.040
58024.15703,12.0899,0.0012,1.040
58024.15752,12.0870,0.0012,1.041
58024.15803,12.0928,0.0013,1.041
58024.15854,12.0889,0.0013,1.041
58024.15905,12.0869,0.0014,1.042
58024.15955,12.0872,0.0014,1.042
58024.16006,12.0881,0.0014,1.043
58024.16053,12.0821,0.0014,1.043
58024.16104,12.0795,0.0015,1.044
58024.16155,12.0860,0.0015,1.044
58024.16206,12.0857,0.0016,1.045
58024.16256,12.0893,0.0016,1.045
58024.16306,12.0870,0.0016,1.046
58024.16358,12.0878,0.0016,1.046
58024.16404,12.0889,0.0016,1.047
58024.16456,12.0893,0.0016,1.047
58024.16507,12.0931,0.0016,1.048
58024.16556,12.0872,0.0015,1.048
58024.16605,12.0760,0.0015,1.049
58024.16656,12.0785,0.0014,1.050
58024.16708,12.0926,0.0014,1.050
58024.16759,12.0963,0.0013,1.051
58024.16809,12.0907,0.0013,1.051
58024.16860,12.0786,0.0012,1.052
58024.16911,12.0847,0.0012,1.052
58024.16961,12.0868,0.0012,1.053
58024.17010,12.0834,0.0011,1.054
58024.17061,12.0884,0.0011,1.054
58024.17112,12.0901,0.0011,1.055
58024.17163,12.0848,0.0012,1.056
58024.17213,12.0873,0.0013,1.056
58024.17265,12.0902,0.0014,1.057
58024.17316,12.0907,0.0015,1.057
58024.17363,12.0855,0.0016,1.058
58024.17413,12.0803,0.0017,1.059
58024.17464,12.0929,0.0018,1.059
58024.17515,12.0905,0.0019,1.060
58024.17566,12.0863,0.0020,1.061
58024.17617,12.0814,0.0020,1.062
58024.17668,12.0905,0.0019,1.062
58024.17718,12.0931,0.0019,1.063
58024.17769,12.0857,0.0018,1.064
58024.17819,12.0893,0.0017,1.064
58024.17870,12.0842,0.0016,1.065
58024.17921,12.0797,0.0014,1.066
58024.17972,12.1012,0.0013,1.067
58024.18023,12.0981,0.0012,1.067
58024.18074,12.0904,0.0012,1.068
58024.18126,12.0803,0.0011,1.069
58024.18177,12.0909,0.0011,1.070
58024.18227,12.0915,0.0010,1.071
58024.18278,12.0942,0.0011,1.071
58024.18329,12.0884,0.0011,1.072
58024.18380,12.0962,0.0011,1.073
58024.18429,12.0850,0.0011,1.074
58024.18479,12.0914,0.0012,1.075
58024.18530,12.0913,0.0012,1.075
58024.18581,12.0899,0.0012,1.076
58024.18632,12.0959,0.0013,1.077
58024.18683,12.0860,0.0013,1.078
58024.18733,12.0846,0.0013,1.079
58024.18784,12.0847,0.0013,1.080
58024.18833,12.0909,0.0014,1.081
58024.18883,12.0863,0.0014,1.082
58024.18934,12.0844,0.0014,1.082
58024.18985,12.0890,0.0015,1.083
58024.19035,12.0844,0.0016,1.084
58024.19086,12.0900,0.0017,1.085
58024.19137,12.0879,0.0019,1.086
58024.19188,12.0941,0.0020,1.087
58024.19237,12.0885,0.0021,1.088
58024.19288,12.0842,0.0021,1.089
58024.19338,12.0855,0.0022,1.090
58024.19389,12.0826,0.0023,1.091
58024.19440,12.0841,0.0023,1.092
58024.19490,12.0921,0.0023,1.093
58024.19539,12.0859,0.0023,1.094
58024.19589,12.1009,0.0022,1.095
58024.19640,12.0831,0.0022,1.096
58024.19691,12.0906,0.0022,1.097
58024.19742,12.0901,0.0021,1.098
58024.19793,12.0815,0.0021,1.099
58024.19844,12.0884,0.0021,1.100
58024.19895,12.0870,0.0020,1.101
58024.19944,12.0876,0.0020,1.102
58024.19995,12.0908,0.0020,1.103
58024.20046,12.0773,0.0020,1.104
58024.20096,12.0929,0.0020,1.106
58024.20147,12.0833,0.0020,1.107
58024.20198,12.0857,0.0019,1.108
58024.20248,12.0912,0.0019,1.109
58024.20297,12.0846,0.0018,1.110
58024.20348,12.0938,0.0017,1.111
58024.20399,12.0887,0.0016,1.112
58024.20450,12.0880,0.0015,1.113
58024.20500,12.0871,0.0013,1.115
58024.20551,12.0867,0.0012,1.116
58024.20602,12.0804,0.0011,1.117
58024.20652,12.0810,0.0011,1.118
58024.20699,12.0935,0.0011,1.119
58024.20750,12.0842,0.0012,1.121
58024.20800,12.0870,0.0014,1.122
58024.20850,12.0938,0.0015,1.123
58024.20900,12.0927,0.0016,1.124
58024.20950,12.0852,0.0017,1.125
58024.21001,12.0898,0.0018,1.127
58024.21052,12.0834,0.0018,1.128
58024.21103,12.0869,0.0018,1.129
58024.21153,12.0883,0.0018,1.131
58024.21205,12.0855,0.0018,1.132
58024.21255,12.0866,0.0017,1.133
58024.21304,12.0910,0.0016,1.134
58024.21354,12.0807,0.0015,1.136
58024.21405,12.0839,0.0014,1.137
58024.21456,12.0842,0.0014,1.139
58024.21507,12.0863,0.0013,1.140
58024.21558,12.0841,0.0013,1.141
58024.21609,12.0896,0.0013,1.143
58024.21660,12.0810,0.0014,1.144
58024.21711,12.0858,0.0014,1.145
58024.21762,12.0892,0.0014,1.147
58024.21813,12.0880,0.0015,1.148
58024.21862,12.0912,0.0015,1.150
58024.21913,12.0896,0.0016,1.151
58024.21964,12.0845,0.0016,1.153
58024.22015,12.0901,0.0016,1.154
58024.22067,12.0861,0.0016,1.156
58024.22117,12.0898,0.0016,1.157
58024.22168,12.0815,0.0016,1.159
58024.22218,12.0848,0.0016,1.160
58024.22269,12.0759,0.0016,1.162
58024.22321,12.0928,0.0016,1.163
58024.22370,12.0779,0.0016,1.165
58024.22421,12.0826,0.0017,1.166
58024.22472,12.0861,0.0017,1.168
58024.22522,12.0893,0.0017,1.169
58024.22573,12.0837,0.0017,1.171
58024.22624,12.0779,0.0017,1.173
58024.22675,12.0877,0.0016,1.174
58024.22726,12.0941,0.0016,1.176
58024.22775,12.0929,0.0016,1.177
58024.22826,12.0882,0.0016,1.179
58024.22878,12.0836,0.0016,1.181
58024.22928,12.0791,0.0016,1.182
58024.22979,12.0985,0.0016,1.184
58024.23030,12.0917,0.0015,1.186
58024.23081,12.0913,0.0015,1.187
58024.23131,12.1005,0.0014,1.189
58024.23182,12.0889,0.0014,1.191
58024.23233,12.0928,0.0014,1.193
58024.23284,12.0951,0.0013,1.194
58024.23334,12.0925,0.0013,1.196
58024.23387,12.0910,0.0013,1.198
58024.23438,12.0899,0.0013,1.200
58024.23487,12.0789,0.0013,1.202
58024.23538,12.0893,0.0013,1.203
58024.23589,12.0898,0.0014,1.205
58024.23640,12.0925,0.0015,1.207
58024.23691,12.0899,0.0015,1.209
58024.23742,12.0846,0.0016,1.211
58024.23792,12.0861,0.0016,1.213
58024.23843,12.0922,0.0017,1.214
58024.23892,12.0934,0.0016,1.216
58024.23942,12.0862,0.0016,1.218
58024.23993,12.0813,0.0015,1.220
58024.24043,12.0881,0.0015,1.222
58024.24094,12.0944,0.0014,1.224
58024.24145,12.0845,0.0013,1.226
58024.24196,12.0896,0.0012,1.228
58024.24247,12.0844,0.0011,1.230
58024.24296,12.0834,0.0012,1.232
58024.24347,12.0917,0.0012,1.234
58024.24398,12.0878,0.0013,1.236
58024.24448,12.0902,0.0015,1.238
58024.24500,12.0781,0.0016,1.240
58024.24551,12.0848,0.0018,1.242
58024.24601,12.0990,0.0018,1.244
58024.24652,12.0905,0.0019,1.246
58024.24703,12.0830,0.0019,1.248
58024.24753,12.0898,0.0019,1.251
58024.24806,12.0872,0.0019,1.253
58024.24855,12.0930,0.0018,1.255
58024.24906,12.0745,0.0017,1.257
58024.24957,12.0866,0.0016,1.259
58024.25009,12.0829,0.0016,1.262
58024.25060,12.0911,0.0015,1.264
58024.25111,12.0845,0.0015,1.266
58024.25162,12.0932,0.0015,1.268
58024.25212,12.0861,0.0016,1.270
58024.25258,12.0873,0.0016,1.273
58024.25309,12.0885,0.0016,1.275
58024.25361,12.0926,0.0016,1.277
58024.25411,12.0997,0.0016,1.279
58024.25462,12.0848,0.0016,1.282
58024.25512,12.0827,0.0016,1.284
58024.25559,12.0836,0.0016,1.286
58024.25609,12.0891,0.0015,1.289
58024.25660,12.0805,0.0015,1.291
58024.25709,12.0893,0.0014,1.293
58024.25757,12.1001,0.0014,1.296
58024.25808,12.0837,0.0014,1.298
58024.25859,12.0960,0.0014,1.301
58024.25910,12.0832,0.0014,1.303
58024.25957,12.0853,0.0014,1.305
58024.26007,12.0880,0.0014,1.308
58024.26057,12.0956,0.0014,1.310
58024.26108,12.0831,0.0014,1.313
58024.26159,12.0822,0.0014,1.315
58024.26209,12.0944,0.0014,1.318
58024.26259,12.0843,0.0015,1.321
58024.26310,12.0859,0.0015,1.323
58024.26360,12.0908,0.0015,1.326
58024.26411,12.0859,0.0016,1.328
58024.26461,12.0864,0.0017,1.331
58024.26510,12.0854,0.0018,1.334
58024.26561,12.0915,0.0018,1.336
58024.26611,12.0984,0.0019,1.339
58024.26661,12.0994,0.0020,1.342
58024.26712,12.0865,0.0020,1.344
58024.26762,12.0870,0.0020,1.347
58024.26812,12.0803,0.0020,1.350
58024.26862,12.0887,0.0019,1.353
58024.26914,12.0937,0.0034,1.356
58025.07604,12.0764,0.0021,1.053
58025.07655,12.0723,0.0021,1.053
58025.07705,12.0753,0.0021,1.052
58025.07755,12.0817,0.0014,1.051
58025.07804,12.0854,0.0015,1.051
58025.07856,12.0849,0.0017,1.050
58025.07906,12.0780,0.0018,1.050
58025.07956,12.0818,0.0020,1.049
58025.08007,12.0911,0.0020,1.049
58025.08057,12.0876,0.0021,1.048
58025.08108,12.0779,0.0022,1.047
58025.08159,12.0841,0.0022,1.047
58025.08208,12.0805,0.0022,1.046
58025.08258,12.0844,0.0022,1.046
58025.08309,12.0824,0.0022,1.045
58025.08360,12.0861,0.0021,1.045
58025.08411,12.0797,0.0020,1.044
58025.08462,12.0799,0.0019,1.044
58025.08512,12.0853,0.0018,1.043
58025.08562,12.0843,0.0017,1.043
58025.08613,12.0849,0.0016,1.042
58025.08664,12.0858,0.0015,1.042
58025.08715,12.0778,0.0014,1.041
58025.08766,12.0817,0.0013,1.041
58025.08817,12.0842,0.0012,1.041
58025.08867,12.0930,0.0012,1.040
58025.08919,12.0828,0.0012,1.040
58025.08970,12.0827,0.0012,1.039
58025.09021,12.0853,0.0012,1.039
58025.09071,12.0821,0.0012,1.038
58025.09122,12.0909,0.0012,1.038
58025.09171,12.0828,0.0012,1.038
58025.09222,12.0787,0.0013,1.037
58025.09273,12.0893,0.0013,1.037
58025.09323,12.0855,0.0013,1.037
58025.09373,12.0881,0.0014,1.036
58025.09424,12.0837,0.0014,1.036
58025.09473,12.0822,0.0014,1.035
58025.09524,12.0863,0.0014,1.035
58025.09575,12.0806,0.0015,1.035
58025.09626,12.0864,0.0015,1.034
58025.09676,12.0865,0.0015,1.034
58025.09727,12.0871,0.0015,1.034
58025.09777,12.0869,0.0015,1.034
58025.09828,12.0875,0.0014,1.033
58025.09878,12.0867,0.0014,1.033
58025.09929,12.0826,0.0014,1.033
58025.09979,12.0840,0.0013,1.032
58025.10029,12.0842,0.0012,1.032
58025.10079,12.0803,0.0012,1.032
58025.10130,12.0844,0.0011,1.032
58025.10181,12.0848,0.0011,1.031
58025.10231,12.0857,0.0010,1.031
58025.10281,12.0875,0.0010,1.031
58025.10332,12.0852,0.0010,1.031
58025.10382,12.0829,0.0009,1.030
58025.10433,12.0866,0.0010,1.030
58025.10483,12.0774,0.0010,1.030
58025.10535,12.0793,0.0010,1.030
58025.10584,12.0876,0.0011,1.029
58025.10637,12.0798,0.0011,1.029
58025.10686,12.0899,0.0011,1.029
58025.10737,12.0765,0.0012,1.029
58025.10788,12.0853,0.0012,1.029
58025.10839,12.0897,0.0013,1.029
58025.10889,12.0878,0.0013,1.028
58025.10940,12.0817,0.0013,1.028
58025.10991,12.0842,0.0013,1.028
58025.11041,12.0859,0.0013,1.028
58025.11091,12.0911,0.0013,1.028
58025.11141,12.0864,0.0012,1.028
58025.11193,12.0812,0.0012,1.027
58025.11244,12.0909,0.0011,1.027
58025.11295,12.0896,0.0011,1.027
58025.11345,12.0793,0.0010,1.027
58025.11396,12.0877,0.0010,1.027
58025.11448,12.0803,0.0010,1.027
58025.11499,12.0773,0.0010,1.027
58025.11549,12.0851,0.0011,1.027
58025.11600,12.0885,0.0011,1.027
58025.11650,12.0880,0.0012,1.027
58025.11701,12.0837,0.0013,1.027
58025.11752,12.0897,0.0013,1.027
58025.11803,12.0826,0.0014,1.026
58025.11854,12.0803,0.0014,1.026
58025.11904,12.0864,0.0015,1.026
58025.11951,12.0834,0.0015,1.026
58025.12002,12.0888,0.0015,1.026
58025.12053,12.0819,0.0014,1.026
58025.12104,12.0835,0.0014,1.026
58025.12154,12.0888,0.0014,1.026
58025.12204,12.0867,0.0013,1.026
58025.12255,12.0868,0.0013,1.026
58025.12304,12.0858,0.0013,1.026
58025.12355,12.0881,0.0012,1.026
58025.12405,12.0863,0.0012,1.026
58025.12456,12.0841,0.0012,1.026
58025.12507,12.0881,0.0012,1.026
58025.12558,12.0864,0.0012,1.027
58025.12608,12.0834,0.0012,1.027
58025.12659,12.0876,0.0012,1.027
58025.12708,12.0880,0.0012,1.027
58025.12759,12.0829,0.0013,1.027
58025.12810,12.0879,0.0013,1.027
58025.12861,12.0889,0.0013,1.027
58025.12912,12.0885,0.0013,1.027
58025.12962,12.0867,0.0013,1.027
58025.13013,12.0872,0.0013,1.027
58025.13063,12.0816,0.0013,1.027
58025.13110,12.0798,0.0013,1.028
58025.13161,12.0858,0.0013,1.028
58025.13212,12.0816,0.0013,1.028
58025.13262,12.0815,0.0013,1.028
58025.13311,12.0869,0.0013,1.028
58025.13362,12.0896,0.0013,1.028
58025.13414,12.0866,0.0014,1.028
58025.13465,12.0867,0.0015,1.029
58025.13515,12.0817,0.0015,1.029
58025.13566,12.0880,0.0016,1.029
58025.13617,12.0904,0.0017,1.029
58025.13668,12.0865,0.0018,1.029
58025.13719,12.0849,0.0018,1.029
58025.13769,12.0899,0.0019,1.030
58025.13819,12.0833,0.0018,1.030
58025.13870,12.0890,0.0018,1.030
58025.13921,12.0878,0.0017,1.030
58025.13971,12.0837,0.0017,1.031
58025.14022,12.0827,0.0016,1.031
58025.14073,12.0835,0.0015,1.031
58025.14124,12.0896,0.0015,1.031
58025.14175,12.0845,0.0014,1.032
58025.14226,12.0780,0.0014,1.032
58025.14277,12.0839,0.0014,1.032
58025.14326,12.0860,0.0014,1.032
58025.14377,12.0870,0.0015,1.033
58025.14428,12.0889,0.0016,1.033
58025.14478,12.0856,0.0016,1.033
58025.14530,12.0853,0.0017,1.034
58025.14581,12.0829,0.0017,1.034
58025.14632,12.0871,0.0016,1.034
58025.14683,12.0882,0.0016,1.035
58025.14733,12.0864,0.0015,1.035
58025.14782,12.0900,0.0015,1.035
58025.14834,12.0831,0.0014,1.036
58025.14885,12.0820,0.0014,1.036
58025.14936,12.0874,0.0013,1.036
58025.14987,12.0863,0.0013,1.037
58025.15037,12.0864,0.0013,1.037
58025.15088,12.0851,0.0014,1.037
58025.15139,12.0860,0.0014,1.038
58025.15189,12.0866,0.0014,1.038
58025.15240,12.0893,0.0014,1.039
58025.15291,12.0894,0.0014,1.039
58025.15340,12.0837,0.0013,1.039
58025.15388,12.0825,0.0013,1.040
58025.15439,12.0850,0.0013,1.040
58025.15488,12.0866,0.0013,1.041
58025.15538,12.0825,0.0013,1.041
58025.15589,12.0831,0.0012,1.042
58025.15641,12.0852,0.0012,1.042
58025.15692,12.0861,0.0012,1.042
58025.15742,12.0850,0.0013,1.043
58025.15793,12.0914,0.0013,1.043
58025.15844,12.0884,0.0013,1.044
58025.15895,12.0875,0.0013,1.044
58025.15944,12.0850,0.0013,1.045
58025.15995,12.0855,0.0013,1.045
58025.16045,12.0836,0.0013,1.046
58025.16096,12.0908,0.0013,1.046
58025.16147,12.0862,0.0013,1.047
58025.16198,12.0846,0.0014,1.048
58025.16249,12.0857,0.0014,1.048
58025.16299,12.0887,0.0014,1.049
58025.16350,12.0868,0.0015,1.049
58025.16400,12.0936,0.0015,1.050
58025.16451,12.0852,0.0014,1.050
58025.16501,12.0885,0.0014,1.051
58025.16551,12.0853,0.0014,1.051
58025.16602,12.0865,0.0013,1.052
58025.16653,12.0885,0.0013,1.053
58025.16704,12.0855,0.0013,1.053
58025.16755,12.0766,0.0013,1.054
58025.16804,12.0842,0.0013,1.054
58025.16854,12.0867,0.0014,1.055
58025.16905,12.0904,0.0014,1.056
58025.16956,12.0940,0.0015,1.056
58025.17007,12.0854,0.0016,1.057
58025.17058,12.0799,0.0016,1.058
58025.17108,12.0933,0.0017,1.058
58025.17159,12.0841,0.0018,1.059
58025.17208,12.0856,0.0018,1.060
58025.17259,12.0830,0.0018,1.060
58025.17310,12.0816,0.0019,1.061
58025.17360,12.0843,0.0019,1.062
58025.17411,12.0850,0.0019,1.062
58025.17461,12.0847,0.0019,1.063
58025.17512,12.0855,0.0020,1.064
58025.17564,12.0898,0.0020,1.065
58025.17613,12.0891,0.0020,1.065
58025.17664,12.0905,0.0020,1.066
58025.17715,12.0909,0.0020,1.067
58025.17765,12.0805,0.0019,1.068
58025.17816,12.0871,0.0019,1.068
58025.17867,12.0832,0.0019,1.069
58025.17918,12.0899,0.0019,1.070
58025.17969,12.0875,0.0018,1.071
58025.18019,12.0873,0.0018,1.072
58025.18069,12.0810,0.0018,1.072
58025.18120,12.0822,0.0017,1.073
58025.18170,12.0856,0.0017,1.074
58025.18221,12.0830,0.0016,1.075
58025.18272,12.0858,0.0015,1.076
58025.18323,12.0836,0.0014,1.077
58025.18374,12.0818,0.0013,1.077
58025.18425,12.0893,0.0012,1.078
58025.18476,12.0871,0.0012,1.079
58025.18527,12.0849,0.0011,1.080
58025.18578,12.0871,0.0011,1.081
58025.18627,12.0896,0.0012,1.082
58025.18677,12.0958,0.0013,1.083
58025.18728,12.0762,0.0014,1.084
58025.18778,12.0892,0.0015,1.085
58025.18829,12.0818,0.0016,1.086
58025.18880,12.0837,0.0016,1.086
58025.18931,12.0856,0.0017,1.087
58025.18980,12.0856,0.0017,1.088
58025.19031,12.0882,0.0017,1.089
58025.19081,12.0853,0.0017,1.090
58025.19132,12.0858,0.0016,1.091
58025.19182,12.0862,0.0015,1.092
58025.19233,12.0854,0.0014,1.093
58025.19282,12.0901,0.0013,1.094
58025.19333,12.0877,0.0013,1.095
58025.19384,12.0830,0.0013,1.096
58025.19435,12.0842,0.0013,1.097
58025.19485,12.0898,0.0013,1.098
58025.19535,12.0922,0.0014,1.099
58025.19584,12.0849,0.0015,1.100
58025.19635,12.0861,0.0016,1.102
58025.19686,12.0922,0.0016,1.103
58025.19736,12.0796,0.0017,1.104
58025.19788,12.0854,0.0017,1.105
58025.19838,12.0897,0.0017,1.106
58025.19889,12.0905,0.0017,1.107
58025.19940,12.0873,0.0017,1.108
58025.19991,12.0866,0.0016,1.109
58025.20042,12.0915,0.0015,1.110
58025.20089,12.0891,0.0015,1.111
58025.20139,12.0825,0.0014,1.113
58025.20189,12.0859,0.0014,1.114
58025.20240,12.0822,0.0014,1.115
58025.20291,12.0866,0.0014,1.116
58025.20341,12.0922,0.0014,1.117
58025.20392,12.0911,0.0014,1.119
58025.20443,12.0876,0.0015,1.120
58025.20494,12.0767,0.0015,1.121
58025.20544,12.0877,0.0015,1.122
58025.20595,12.0814,0.0015,1.123
58025.20646,12.0802,0.0015,1.125
58025.20696,12.0889,0.0015,1.126
58025.20747,12.0850,0.0015,1.127
58025.20796,12.0869,0.0015,1.128
58025.20847,12.0857,0.0015,1.130
58025.20898,12.0854,0.0015,1.131
58025.20949,12.0868,0.0015,1.132
58025.21000,12.0849,0.0015,1.134
58025.21050,12.0954,0.0016,1.135
58025.21100,12.0875,0.0016,1.136
58025.21150,12.0853,0.0016,1.138
58025.21201,12.0908,0.0016,1.139
58025.21251,12.0839,0.0016,1.140
58025.21301,12.0825,0.0016,1.142
58025.21351,12.0845,0.0016,1.143
58025.21402,12.0860,0.0016,1.144
58025.21449,12.0894,0.0016,1.146
58025.21500,12.0840,0.0015,1.147
58025.21550,12.0825,0.0015,1.149
58025.21601,12.0941,0.0015,1.150
58025.21650,12.0964,0.0014,1.151
58025.21701,12.0878,0.0014,1.153
58025.21752,12.0846,0.0013,1.154
58025.21802,12.0967,0.0013,1.156
58025.21853,12.0898,0.0012,1.157
58025.21904,12.0828,0.0012,1.159
58025.21955,12.0837,0.0011,1.160
58025.22006,12.0893,0.0011,1.162
58025.22057,12.0842,0.0011,1.163
58025.22106,12.0931,0.0010,1.165
58025.22154,12.0842,0.0011,1.166
58025.22251,12.0920,0.0011,1.169
58025.22301,12.0962,0.0011,1.171
58025.22352,12.0946,0.0011,1.173
58025.22403,12.0928,0.0012,1.174
58025.22454,12.0840,0.0013,1.176
58025.22505,12.0813,0.0013,1.177
58025.22557,12.0867,0.0014,1.179
58025.22608,12.0786,0.0015,1.181
58025.22657,12.0886,0.0015,1.182
58025.22708,12.0914,0.0016,1.184
58025.22759,12.0892,0.0016,1.186
58025.22810,12.0885,0.0017,1.188
58025.22861,12.0923,0.0017,1.189
58025.22912,12.0874,0.0018,1.191
58025.22963,12.0898,0.0019,1.193
58025.23013,12.0852,0.0019,1.194
58025.23064,12.0885,0.0020,1.196
58025.23115,12.0863,0.0020,1.198
58025.23164,12.0884,0.0021,1.200
58025.23215,12.0905,0.0021,1.202
58025.23266,12.0898,0.0022,1.203
58025.23316,12.0911,0.0022,1.205
58025.23367,12.0840,0.0022,1.207
58025.23419,12.0922,0.0021,1.209
58025.23469,12.0873,0.0020,1.211
58025.23520,12.0859,0.0019,1.213
58025.23571,12.0956,0.0018,1.215
58025.23618,12.0847,0.0017,1.216
58025.23668,12.0901,0.0016,1.218
58025.23718,12.0865,0.0015,1.220
58025.23769,12.0889,0.0015,1.222
58025.23819,12.0889,0.0014,1.224
58025.23870,12.0875,0.0014,1.226
58025.23922,12.0882,0.0013,1.228
58025.23973,12.0871,0.0012,1.230
58025.24024,12.0845,0.0012,1.232
58025.24074,12.0846,0.0012,1.234
58025.24125,12.0849,0.0011,1.236
58025.24176,12.0889,0.0011,1.238
58025.24227,12.0830,0.0011,1.240
58025.24278,12.0842,0.0010,1.242
58025.24329,12.0929,0.0010,1.244
58025.24378,12.0880,0.0010,1.246
58025.24428,12.0822,0.0010,1.248
58025.24480,12.0811,0.0009,1.251
58025.24531,12.0895,0.0009,1.253
58025.24582,12.0817,0.0010,1.255
58025.24633,12.0839,0.0010,1.257
58025.24683,12.0900,0.0010,1.259
58025.24734,12.0940,0.0011,1.261
58025.24785,12.0955,0.0012,1.264
58025.24836,12.0850,0.0012,1.266
58025.24885,12.0862,0.0013,1.268
58025.24936,12.0884,0.0014,1.270
58025.24987,12.0915,0.0014,1.273
58025.25038,12.0827,0.0015,1.275
58025.25084,12.0829,0.0015,1.277
58025.25134,12.0860,0.0015,1.279
58025.25184,12.0843,0.0015,1.282
58025.25235,12.0866,0.0015,1.284
58025.25286,12.0798,0.0015,1.286
58025.25337,12.0829,0.0015,1.289
58025.25387,12.0900,0.0015,1.291
58025.25436,12.0868,0.0015,1.293
58025.25487,12.0958,0.0016,1.296
58025.25538,12.0993,0.0016,1.298
58025.25589,12.0847,0.0016,1.301
58025.25637,12.0855,0.0016,1.303
58025.25686,12.0932,0.0017,1.306
58025.25737,12.0914,0.0017,1.308
58025.25788,12.0848,0.0017,1.311
58025.25839,12.0841,0.0018,1.313
58025.25891,12.0917,0.0018,1.316
58025.25941,12.0952,0.0018,1.318
58025.25992,12.0926,0.0018,1.321
58025.26043,12.0917,0.0018,1.324
58025.26093,12.0838,0.0018,1.326
58025.26144,12.0907,0.0018,1.329
58025.26194,12.0995,0.0018,1.331
58025.26244,12.0873,0.0018,1.334
58025.26294,12.0892,0.0017,1.337
58025.26345,12.0933,0.0017,1.339
58025.26395,12.0913,0.0017,1.342
58025.26446,12.0851,0.0017,1.345
58025.26493,12.0913,0.0017,1.347
58025.26544,12.0954,0.0016,1.350
58025.26595,12.0911,0.0016,1.353
58025.26645,12.0819,0.0015,1.356
58025.26696,12.0877,0.0015,1.359
58025.26747,12.0859,0.0014,1.362
58025.26797,12.0939,0.0013,1.364
58025.26847,12.0870,0.0013,1.367
58025.26897,12.0949,0.0013,1.370
58025.26948,12.0878,0.0013,1.373
58025.26999,12.0892,0.0013,1.376
58025.27049,12.0939,0.0013,1.379
58025.27100,12.1006,0.0014,1.382
58025.27150,12.0909,0.0014,1.385
58025.27201,12.0919,0.0015,1.388
58025.27252,12.0898,0.0015,1.391
58025.27303,12.0948,0.0016,1.394
58025.27353,12.0896,0.0016,1.397
58025.27404,12.0974,0.0016,1.400
58025.27455,12.0861,0.0016,1.404
58025.27506,12.0795,0.0016,1.407
58025.27557,12.0949,0.0016,1.410
58025.27606,12.0947,0.0015,1.413
58025.27656,12.0913,0.0015,1.416
58025.27706,12.0849,0.0015,1.419
58025.27757,12.0916,0.0014,1.423
58025.27808,12.0907,0.0014,1.426
58025.27859,12.0959,0.0014,1.429
58025.27910,12.0869,0.0014,1.433
58025.27961,12.0876,0.0013,1.436
58025.28012,12.0866,0.0013,1.439
58025.28063,12.0815,0.0013,1.443
58025.28112,12.0742,0.0013,1.446
58025.28163,12.0890,0.0012,1.450
58025.28214,12.0980,0.0012,1.453
58025.28265,12.0884,0.0012,1.457
58025.28315,12.0919,0.0012,1.460
58025.28366,12.0944,0.0013,1.464
58025.28417,12.0963,0.0013,1.467
58025.28466,12.0921,0.0014,1.471
58025.28517,12.0924,0.0014,1.474
58025.28568,12.0943,0.0014,1.478
58025.28618,12.0917,0.0014,1.482
58025.28669,12.0887,0.0014,1.485
58025.28721,12.0936,0.0014,1.489
58025.28771,12.0962,0.0014,1.493
58025.28822,12.0853,0.0013,1.497
58025.28873,12.1031,0.0013,1.500
58025.28922,12.0906,0.0012,1.504
58025.28972,12.0860,0.0012,1.508
58025.29023,12.0836,0.0012,1.512
58025.29073,12.0859,0.0012,1.516
58025.29124,12.0931,0.0013,1.520
58025.29174,12.0926,0.0013,1.524
58025.29225,12.0970,0.0014,1.528
58025.29275,12.0892,0.0015,1.532
58025.29326,12.0843,0.0016,1.536
58025.29377,12.0943,0.0017,1.540
58025.29428,12.0901,0.0018,1.544
58025.29479,12.1004,0.0019,1.548
58025.29529,12.0889,0.0020,1.552
58025.29582,12.0960,0.0021,1.556
58025.29633,12.0861,0.0021,1.561
58025.29685,12.0834,0.0021,1.565
58025.29736,12.0950,0.0022,1.569
58025.29786,12.0994,0.0022,1.573
58025.29837,12.0878,0.0022,1.578
58025.29888,12.0933,0.0022,1.582
58025.29937,12.1012,0.0023,1.587
58025.29988,12.0919,0.0023,1.591
58025.30038,12.0867,0.0022,1.595
58025.30089,12.0946,0.0022,1.600
58025.30139,12.0924,0.0021,1.604
58025.30190,12.0884,0.0021,1.609
58025.30240,12.0820,0.0020,1.613
58025.30289,12.0900,0.0019,1.618
58025.30341,12.0972,0.0018,1.623
58025.30392,12.0844,0.0018,1.627
58025.30443,12.0912,0.0018,1.632
58025.30494,12.0936,0.0018,1.637
58025.30544,12.0947,0.0019,1.642
58025.30595,12.0978,0.0020,1.646
58025.30646,12.0955,0.0020,1.651
58025.30697,12.1009,0.0020,1.656
58025.30747,12.0920,0.0020,1.661
58025.30797,12.0920,0.0020,1.666
58025.30847,12.0938,0.0019,1.671
58025.30898,12.0851,0.0018,1.676
58025.30949,12.0988,0.0017,1.681
58025.30999,12.0883,0.0016,1.686
58025.31050,12.0965,0.0015,1.691
58025.31101,12.0952,0.0014,1.697
58025.31150,12.0958,0.0014,1.702
58025.31201,12.0956,0.0019,1.707
58026.07804,12.0798,0.0014,1.048
58026.07855,12.0814,0.0014,1.047
58026.07906,12.0795,0.0014,1.047
58026.07957,12.0889,0.0009,1.046
58026.08008,12.0891,0.0010,1.046
58026.08059,12.0835,0.0011,1.045
58026.08109,12.0895,0.0012,1.045
58026.08983,12.0848,0.0012,1.037
58026.09034,12.0908,0.0013,1.037
58026.09083,12.0857,0.0014,1.036
58026.09133,12.0836,0.0014,1.036
58026.09234,12.0889,0.0015,1.035
58026.09286,12.0918,0.0015,1.035
58026.09336,12.0879,0.0015,1.035
58026.09387,12.0869,0.0016,1.034
58026.09436,12.0880,0.0016,1.034
58026.09487,12.0827,0.0017,1.034
58026.09538,12.0776,0.0017,1.033
58026.09589,12.0943,0.0018,1.033
58026.09639,12.0894,0.0019,1.033
58026.09689,12.0853,0.0020,1.032
58026.09740,12.0837,0.0021,1.032
58026.09786,12.0814,0.0022,1.032
58026.09836,12.0969,0.0022,1.032
58026.09887,12.0830,0.0022,1.031
58026.09938,12.0802,0.0022,1.031
58026.09987,12.0858,0.0022,1.031
58026.10038,12.0908,0.0021,1.031
58026.10088,12.0880,0.0020,1.030
58026.10138,12.0879,0.0019,1.030
58026.10189,12.0818,0.0018,1.030
58026.10240,12.0846,0.0016,1.030
58026.10289,12.0856,0.0015,1.030
58026.10340,12.0854,0.0015,1.029
58026.10390,12.0803,0.0016,1.029
58026.10441,12.0858,0.0018,1.029
58026.10491,12.0820,0.0023,1.029
58026.10591,12.0850,0.0028,1.028
58026.10642,12.0804,0.0034,1.028
58026.10692,12.0855,0.0030,1.028
58026.10742,12.0835,0.0035,1.028
58026.10843,12.0800,0.0040,1.028
58026.11028,12.0935,0.0031,1.027
58026.11078,12.0869,0.0040,1.027
58026.11331,12.0807,0.0035,1.027
58026.11432,12.0851,0.0031,1.027
58026.11481,12.0834,0.0035,1.027
58026.11532,12.0855,0.0029,1.026
58026.11583,12.0826,0.0024,1.026
58026.11684,12.0849,0.0020,1.026
58026.11735,12.0890,0.0018,1.026
58026.11786,12.0873,0.0016,1.026
58026.11836,12.0824,0.0015,1.026
58026.11887,12.0836,0.0015,1.026
58026.11936,12.0861,0.0014,1.026
58026.11987,12.0936,0.0013,1.026
58026.12037,12.0866,0.0013,1.026
58026.12088,12.0777,0.0012,1.026
58026.12138,12.0831,0.0012,1.026
58026.12188,12.0920,0.0011,1.026
58026.12238,12.0917,0.0011,1.026
58026.12289,12.0887,0.0011,1.027
58026.12340,12.0825,0.0011,1.027
58026.12390,12.0884,0.0010,1.027
58026.12441,12.0852,0.0010,1.027
58026.12492,12.0849,0.0011,1.027
58026.12543,12.0867,0.0011,1.027
58026.12594,12.0813,0.0012,1.027
58026.12897,12.0877,0.0013,1.028
58026.12947,12.0866,0.0014,1.028
58026.12998,12.0862,0.0015,1.028
58026.13047,12.0855,0.0016,1.028
58026.13098,12.0872,0.0017,1.028
58026.13148,12.0810,0.0017,1.028
58026.13198,12.0896,0.0018,1.029
58026.13248,12.0902,0.0018,1.029
58026.13297,12.0875,0.0018,1.029
58026.13347,12.0897,0.0018,1.029
58026.13399,12.0839,0.0017,1.029
58026.13449,12.0875,0.0017,1.029
58026.13501,12.0928,0.0017,1.030
58026.13551,12.0771,0.0018,1.030
58026.13601,12.0864,0.0018,1.030
58026.13652,12.0948,0.0019,1.030
58026.13703,12.0817,0.0019,1.031
58026.13752,12.0839,0.0020,1.031
58026.13803,12.0844,0.0021,1.031
58026.13853,12.0837,0.0021,1.031
58026.13904,12.0850,0.0021,1.032
58026.14106,12.0872,0.0021,1.033
58026.14157,12.0883,0.0021,1.033
58026.14207,12.0841,0.0021,1.033
58026.14258,12.0848,0.0020,1.034
58026.14309,12.0854,0.0019,1.034
58026.14359,12.0883,0.0018,1.034
58026.14409,12.0890,0.0018,1.035
58026.14459,12.0877,0.0017,1.035
58026.14510,12.0911,0.0017,1.035
58026.14561,12.0915,0.0017,1.036
58026.14612,12.0837,0.0017,1.036
58026.14663,12.0890,0.0017,1.036
58026.14713,12.0861,0.0016,1.037
58026.14764,12.0890,0.0017,1.037
58026.14815,12.0849,0.0017,1.037
58026.14866,12.0897,0.0017,1.038
58026.14916,12.0916,0.0017,1.038
58026.14965,12.0810,0.0017,1.039
58026.15015,12.0908,0.0017,1.039
58026.15066,12.0906,0.0016,1.039
58026.15117,12.0828,0.0016,1.040
58026.15167,12.0829,0.0015,1.040
58026.15216,12.0871,0.0014,1.041
58026.15267,12.0899,0.0014,1.041
58026.15317,12.0887,0.0013,1.042
58026.15368,12.0813,0.0012,1.042
58026.15419,12.0908,0.0011,1.042
58026.15469,12.0882,0.0010,1.043
58026.15520,12.0840,0.0010,1.043
58026.15571,12.0822,0.0009,1.044
58026.15618,12.0774,0.0010,1.044
58026.15668,12.0857,0.0010,1.045
58026.15719,12.0881,0.0011,1.045
58026.15769,12.0842,0.0012,1.046
58026.15818,12.0838,0.0012,1.046
58026.15920,12.0838,0.0013,1.047
58026.15970,12.0793,0.0015,1.048
58026.16021,12.0895,0.0016,1.049
58026.16071,12.0855,0.0016,1.049
58026.16120,12.0822,0.0017,1.050
58026.16171,12.0881,0.0018,1.050
58026.16222,12.0825,0.0018,1.051
58026.16272,12.0762,0.0019,1.051
58026.16323,12.0921,0.0019,1.052
58026.16374,12.0861,0.0019,1.053
58026.16425,12.0949,0.0019,1.053
58026.16475,12.0918,0.0018,1.054
58026.16524,12.0856,0.0018,1.054
58026.16574,12.0870,0.0017,1.055
58026.16625,12.0880,0.0017,1.056
58026.16676,12.0901,0.0017,1.056
58026.16726,12.0821,0.0016,1.057
58026.16777,12.0898,0.0016,1.058
58026.16826,12.0825,0.0016,1.058
58026.16876,12.0792,0.0015,1.059
58026.16927,12.0861,0.0015,1.060
58026.16977,12.0941,0.0015,1.060
58026.17028,12.0881,0.0015,1.061
58026.17079,12.0818,0.0014,1.062
58026.17128,12.0877,0.0014,1.062
58026.17178,12.0851,0.0013,1.063
58026.17228,12.0897,0.0013,1.064
58026.17279,12.0783,0.0013,1.065
58026.17329,12.0793,0.0012,1.065
58026.17378,12.0916,0.0012,1.066
58026.17429,12.0810,0.0011,1.067
58026.17479,12.0891,0.0010,1.067
58026.17529,12.0830,0.0010,1.068
58026.17580,12.0813,0.0009,1.069
58026.17631,12.0956,0.0009,1.070
58026.17681,12.0797,0.0009,1.071
58026.17730,12.0927,0.0010,1.071
58026.17780,12.0786,0.0011,1.072
58026.17831,12.0921,0.0013,1.073
58026.17882,12.0866,0.0014,1.074
58026.17932,12.0910,0.0016,1.075
58026.17983,12.0854,0.0018,1.075
58026.18032,12.0889,0.0019,1.076
58026.18082,12.0903,0.0020,1.077
58026.18133,12.0918,0.0021,1.078
58026.18184,12.0828,0.0021,1.079
58026.18235,12.0864,0.0021,1.080
58026.18285,12.0871,0.0021,1.081
58026.18336,12.0866,0.0020,1.082
58026.18387,12.0838,0.0019,1.082
58026.18438,12.0830,0.0018,1.083
58026.18488,12.0882,0.0017,1.084
58026.18538,12.0859,0.0015,1.085
58026.18589,12.0904,0.0014,1.086
58026.18640,12.0898,0.0013,1.087
58026.18691,12.0857,0.0012,1.088
58026.18742,12.0907,0.0011,1.089
58026.18793,12.0888,0.0011,1.090
58026.18844,12.0928,0.0011,1.091
58026.18894,12.0876,0.0011,1.092
58026.18943,12.0743,0.0012,1.093
58026.18994,12.0951,0.0013,1.094
58026.19045,12.0909,0.0013,1.095
58026.19095,12.0866,0.0014,1.096
58026.19146,12.0884,0.0015,1.097
58026.19196,12.0880,0.0016,1.098
58026.19247,12.0888,0.0017,1.099
58026.19297,12.0870,0.0017,1.100
58026.19348,12.0841,0.0018,1.101
58026.19398,12.0825,0.0018,1.102
58026.19448,12.0900,0.0019,1.103
58026.19498,12.0895,0.0019,1.104
58026.19549,12.0853,0.0019,1.105
58026.19600,12.0892,0.0019,1.107
58026.19650,12.0906,0.0019,1.108
58026.19700,12.0810,0.0019,1.109
58026.19751,12.0806,0.0019,1.110
58026.19802,12.0839,0.0019,1.111
58026.19852,12.0864,0.0018,1.112
58026.19902,12.0883,0.0018,1.113
58026.19954,12.0804,0.0017,1.115
58026.20003,12.0904,0.0016,1.116
58026.20054,12.0843,0.0015,1.117
58026.20105,12.0847,0.0014,1.118
58026.20155,12.0807,0.0013,1.119
58026.20206,12.0897,0.0012,1.121
58026.20257,12.0916,0.0011,1.122
58026.20307,12.0794,0.0011,1.123
58026.20358,12.0904,0.0010,1.124
58026.20409,12.0728,0.0011,1.126
58026.20459,12.0849,0.0011,1.127
58026.20509,12.0820,0.0012,1.128
58026.20559,12.0844,0.0013,1.129
58026.20606,12.0816,0.0014,1.131
58026.20657,12.0850,0.0014,1.132
58026.21001,12.0945,0.0015,1.141
58026.21052,12.0900,0.0015,1.142
58026.21102,12.0820,0.0015,1.144
58026.21152,12.0815,0.0015,1.145
58026.21203,12.0877,0.0014,1.147
58026.21252,12.0880,0.0014,1.148
58026.21303,12.0907,0.0013,1.149
58026.21353,12.0871,0.0012,1.151
58026.21404,12.0786,0.0011,1.152
58026.21454,12.0801,0.0010,1.154
58026.21505,12.0906,0.0009,1.155
58026.21554,12.0914,0.0009,1.157
58026.21605,12.0846,0.0008,1.158
58026.21656,12.0900,0.0008,1.160
58026.21707,12.0806,0.0008,1.161
58026.21757,12.0881,0.0008,1.163
58026.21807,12.0885,0.0008,1.164
58026.21858,12.0833,0.0008,1.166
58026.21909,12.0872,0.0008,1.167
58026.21959,12.0841,0.0009,1.169
58026.22009,12.0863,0.0010,1.170
58026.22060,12.0885,0.0010,1.172
58026.22109,12.0815,0.0011,1.174
58026.22160,12.0854,0.0012,1.175
58026.22209,12.0732,0.0013,1.177
58026.22262,12.0910,0.0013,1.178
58026.22313,12.0761,0.0014,1.180
58026.22362,12.0954,0.0015,1.182
58026.22413,12.0960,0.0015,1.183
58026.22463,12.0902,0.0015,1.185
58026.22514,12.0895,0.0015,1.187
58026.22565,12.0856,0.0015,1.188
58026.22615,12.0873,0.0015,1.190
58026.22664,12.0888,0.0014,1.192
58026.22714,12.0903,0.0014,1.194
58026.22765,12.0922,0.0014,1.195
58026.22816,12.0965,0.0014,1.197
58026.22868,12.0941,0.0014,1.199
58026.22918,12.0916,0.0014,1.201
58026.22969,12.0917,0.0014,1.203
58026.23020,12.0888,0.0014,1.204
58026.23069,12.0900,0.0015,1.206
58026.23120,12.0793,0.0016,1.208
58026.23170,12.0884,0.0017,1.210
58026.23221,12.0867,0.0017,1.212
58026.23271,12.0838,0.0018,1.214
58026.23321,12.0819,0.0019,1.215
58026.23372,12.0823,0.0019,1.217
58026.23421,12.0947,0.0020,1.219
58026.23471,12.0926,0.0020,1.221
58026.23522,12.0918,0.0020,1.223
58026.23572,12.0959,0.0020,1.225
58026.23623,12.0890,0.0020,1.227
58026.23674,12.0853,0.0019,1.229
58026.23725,12.0969,0.0019,1.231
58026.23775,12.0930,0.0019,1.233
58026.23825,12.0831,0.0019,1.235
58026.23876,12.0900,0.0020,1.237
58026.23927,12.0867,0.0021,1.239
58026.23978,12.0877,0.0023,1.241
58026.24028,12.0930,0.0024,1.243
58026.24079,12.0922,0.0026,1.245
58026.24130,12.0800,0.0027,1.247
58026.24181,12.0845,0.0028,1.249
58026.24231,12.0879,0.0029,1.252
58026.24281,12.0982,0.0030,1.254
58026.24331,12.0926,0.0029,1.256
58026.24382,12.0821,0.0029,1.258
58026.24432,12.0817,0.0028,1.260
58026.24483,12.0879,0.0027,1.262
58026.24534,12.0973,0.0025,1.265
58026.24584,12.0888,0.0024,1.267
58026.24634,12.0896,0.0023,1.269
58026.24685,12.0907,0.0021,1.271
58026.24736,12.0903,0.0021,1.274
58026.24787,12.0799,0.0020,1.276
58026.24838,12.0937,0.0020,1.278
58026.24889,12.0920,0.0020,1.281
58026.24940,12.0921,0.0021,1.283
58026.24991,12.0840,0.0022,1.285
58026.25042,12.0834,0.0023,1.288
58026.25093,12.0930,0.0025,1.290
58026.25144,12.0953,0.0026,1.292
58026.25244,12.0953,0.0022,1.297
58026.25294,12.0918,0.0024,1.300
58026.25395,12.0905,0.0025,1.305
58026.25446,12.1036,0.0025,1.307
58026.25546,12.0911,0.0031,1.312
58026.25594,12.0831,0.0031,1.315
58026.25744,12.0810,0.0030,1.322
58026.25795,12.0904,0.0028,1.325
58026.25846,12.0948,0.0027,1.327
58026.25896,12.0943,0.0026,1.330
58026.25947,12.0890,0.0025,1.333
58026.25997,12.0997,0.0024,1.335
58026.26047,12.0901,0.0023,1.338
58026.26199,12.0825,0.0022,1.346
58026.26249,12.0766,0.0021,1.349
58026.26299,12.0907,0.0020,1.352
58026.26350,12.0895,0.0019,1.355
58026.26451,12.0910,0.0018,1.360
58026.26501,12.0915,0.0016,1.363
58026.26552,12.0896,0.0015,1.366
58026.26604,12.0885,0.0014,1.369
58026.26654,12.0873,0.0014,1.372
58026.26706,12.0888,0.0013,1.375
58026.26757,12.0876,0.0013,1.378
58026.26808,12.0919,0.0013,1.381
58026.26858,12.0851,0.0013,1.384
58026.26909,12.0879,0.0014,1.387
58026.26958,12.0877,0.0014,1.390
58026.27009,12.0923,0.0015,1.393
58026.27059,12.0959,0.0017,1.396
58026.27110,12.0871,0.0018,1.399
58026.27161,12.0867,0.0018,1.402
58026.27212,12.0817,0.0019,1.405
58026.27262,12.0893,0.0019,1.409
58026.27312,12.0946,0.0020,1.412
58026.27363,12.0950,0.0020,1.415
58026.27414,12.0908,0.0020,1.418
58026.27464,12.0972,0.0019,1.421
58026.27515,12.0845,0.0019,1.425
58026.27565,12.0968,0.0018,1.428
58026.27616,12.0919,0.0017,1.431
58026.27663,12.0956,0.0017,1.434
58026.27713,12.0903,0.0016,1.438
58026.27764,12.0891,0.0016,1.441
58026.27816,12.0930,0.0015,1.445
58026.27866,12.0896,0.0014,1.448
58026.27916,12.0878,0.0014,1.451
58026.27965,12.0912,0.0014,1.455
58026.28015,12.0846,0.0013,1.458
58026.28066,12.0787,0.0013,1.462
58026.28118,12.0816,0.0013,1.465
58026.28168,12.0864,0.0013,1.469
58026.28219,12.0880,0.0014,1.473
58026.28270,12.0866,0.0014,1.476
58026.28321,12.0826,0.0015,1.480
58026.28420,12.0875,0.0016,1.487
58026.28470,12.0796,0.0017,1.491
58026.28520,12.0853,0.0018,1.494
58026.28569,12.0948,0.0020,1.498
58026.28619,12.0940,0.0022,1.502
58026.28670,12.0918,0.0024,1.506
58026.28720,12.0850,0.0026,1.510
58026.28771,12.0911,0.0027,1.513
58026.28822,12.0995,0.0027,1.517
58026.28872,12.1005,0.0027,1.521
58026.28922,12.0901,0.0026,1.525
58026.28972,12.0926,0.0048,1.529
58027.07437,12.0777,0.0013,1.049
58027.07487,12.0855,0.0013,1.048
58027.07538,12.0925,0.0008,1.048
58027.07589,12.0871,0.0009,1.047
58027.07640,12.0830,0.0010,1.047
58027.07690,12.0867,0.0011,1.046
58027.07741,12.0712,0.0011,1.046
58027.07791,12.0820,0.0012,1.045
58027.07840,12.0856,0.0012,1.045
58027.07891,12.0906,0.0013,1.044
58027.07942,12.0823,0.0013,1.044
58027.07992,12.0824,0.0014,1.043
58027.08043,12.0844,0.0014,1.043
58027.08094,12.0786,0.0015,1.042
58027.08145,12.0840,0.0015,1.042
58027.08196,12.0838,0.0015,1.041
58027.08247,12.0841,0.0015,1.041
58027.08296,12.0864,0.0015,1.040
58027.08347,12.0893,0.0015,1.040
58027.08398,12.0778,0.0015,1.040
58027.08448,12.0800,0.0014,1.039
58027.08499,12.0835,0.0013,1.039
58027.08549,12.0840,0.0012,1.038
58027.08600,12.0829,0.0011,1.038
58027.08650,12.0840,0.0011,1.038
58027.08701,12.0868,0.0010,1.037
58027.08751,12.0836,0.0010,1.037
58027.08801,12.0872,0.0010,1.036
58027.08852,12.0892,0.0010,1.036
58027.08903,12.0800,0.0010,1.036
58027.08955,12.0830,0.0010,1.035
58027.09006,12.0834,0.0011,1.035
58027.09057,12.0805,0.0011,1.035
58027.09106,12.0877,0.0011,1.034
58027.09157,12.0832,0.0011,1.034
58027.09208,12.0862,0.0011,1.034
58027.09259,12.0852,0.0011,1.033
58027.09309,12.0795,0.0011,1.033
58027.09360,12.0889,0.0011,1.033
58027.09411,12.0843,0.0011,1.032
58027.09462,12.0828,0.0011,1.032
58027.09513,12.0879,0.0011,1.032
58027.09563,12.0863,0.0011,1.032
58027.09613,12.0836,0.0012,1.031
58027.09664,12.0860,0.0012,1.031
58027.09715,12.0835,0.0013,1.031
58027.09766,12.0860,0.0013,1.031
58027.09817,12.0790,0.0013,1.030
58027.09867,12.0828,0.0013,1.030
58027.09918,12.0776,0.0013,1.030
58027.09969,12.0831,0.0013,1.030
58027.10019,12.0804,0.0012,1.030
58027.10069,12.0842,0.0012,1.029
58027.10119,12.0832,0.0011,1.029
58027.10170,12.0815,0.0011,1.029
58027.10221,12.0889,0.0011,1.029
58027.10272,12.0807,0.0011,1.029
58027.10322,12.0882,0.0011,1.028
58027.10373,12.0877,0.0012,1.028
58027.10424,12.0836,0.0012,1.028
58027.10473,12.0908,0.0012,1.028
58027.10524,12.0865,0.0013,1.028
58027.10575,12.0858,0.0013,1.028
58027.10626,12.0860,0.0013,1.028
58027.10676,12.0793,0.0013,1.027
58027.10726,12.0887,0.0013,1.027
58027.10773,12.0812,0.0012,1.027
58027.10823,12.0858,0.0012,1.027
58027.10874,12.0866,0.0012,1.027
58027.10920,12.0873,0.0011,1.027
58027.10971,12.0757,0.0011,1.027
58027.11021,12.0855,0.0010,1.027
58027.11072,12.0855,0.0010,1.027
58027.11122,12.0815,0.0010,1.027
58027.11172,12.0836,0.0009,1.027
58027.11223,12.0834,0.0009,1.027
58027.11273,12.0812,0.0009,1.026
58027.11324,12.0811,0.0008,1.026
58027.11374,12.0758,0.0008,1.026
58027.11425,12.0802,0.0008,1.026
58027.11477,12.0808,0.0007,1.026
58027.11528,12.0846,0.0007,1.026
58027.11578,12.0850,0.0007,1.026
58027.11628,12.0856,0.0008,1.026
58027.11679,12.0851,0.0008,1.026
58027.11730,12.0816,0.0009,1.026
58027.11781,12.0833,0.0010,1.026
58027.11831,12.0827,0.0012,1.026
58027.11881,12.0818,0.0013,1.026
58027.11932,12.0851,0.0014,1.026
58027.11983,12.0828,0.0016,1.027
58027.12131,12.0751,0.0017,1.027
58027.12182,12.0868,0.0017,1.027
58027.12233,12.0813,0.0018,1.027
58027.12282,12.0797,0.0018,1.027
58027.12333,12.0853,0.0018,1.027
58027.12383,12.0817,0.0018,1.027
58027.12434,12.0876,0.0018,1.027
58027.12484,12.0871,0.0017,1.027
58027.12535,12.0844,0.0017,1.027
58027.12584,12.0852,0.0017,1.028
58027.12635,12.0768,0.0016,1.028
58027.12685,12.0862,0.0016,1.028
58027.12735,12.0821,0.0016,1.028
58027.12785,12.0860,0.0015,1.028
58027.12836,12.0811,0.0015,1.028
58027.12888,12.0813,0.0014,1.028
58027.13315,12.0836,0.0014,1.030
58027.13365,12.0910,0.0014,1.030
58027.13416,12.0770,0.0014,1.031
58027.13468,12.0860,0.0015,1.031
58027.13517,12.0805,0.0015,1.031
58027.13568,12.0925,0.0016,1.031
58027.13618,12.0901,0.0016,1.032
58027.13669,12.0890,0.0017,1.032
58027.13720,12.0839,0.0018,1.032
58027.13770,12.0870,0.0018,1.032
58027.13821,12.0873,0.0018,1.033
58027.13870,12.0806,0.0018,1.033
58027.13922,12.0775,0.0018,1.033
58027.13973,12.0795,0.0017,1.034
58027.14023,12.0806,0.0017,1.034
58027.14073,12.0845,0.0016,1.034
58027.14124,12.0868,0.0016,1.034
58027.14174,12.0887,0.0015,1.035
58027.14225,12.0851,0.0014,1.035
58027.14275,12.0818,0.0014,1.035
58027.14325,12.0848,0.0013,1.036
58027.14375,12.0874,0.0013,1.036
58027.14422,12.0778,0.0013,1.037
58027.14473,12.0918,0.0013,1.037
58027.14524,12.0844,0.0013,1.037
58027.14576,12.0795,0.0014,1.038
58027.14626,12.0774,0.0014,1.038
58027.14677,12.0888,0.0015,1.038
58027.14728,12.0831,0.0015,1.039
58027.14779,12.0901,0.0016,1.039
58027.14830,12.0921,0.0016,1.040
58027.14880,12.0894,0.0017,1.040
58027.14931,12.0889,0.0017,1.041
58027.14980,12.0918,0.0017,1.041
58027.15032,12.0805,0.0017,1.041
58027.15083,12.0887,0.0016,1.042
58027.15133,12.0877,0.0016,1.042
58027.15184,12.0844,0.0015,1.043
58027.15231,12.0821,0.0015,1.043
58027.15281,12.0866,0.0014,1.044
58027.15332,12.0873,0.0013,1.044
58027.15384,12.0860,0.0012,1.045
58027.15435,12.0817,0.0011,1.045
58027.15485,12.0826,0.0011,1.046
58027.15535,12.0867,0.0011,1.046
58027.15586,12.0853,0.0012,1.047
58027.15638,12.0786,0.0013,1.047
58027.15689,12.0959,0.0014,1.048
58027.15738,12.0839,0.0014,1.048
58027.15788,12.0881,0.0015,1.049
58027.15840,12.0868,0.0016,1.050
58027.15891,12.0957,0.0017,1.050
58027.15942,12.0789,0.0017,1.051
58027.15992,12.0825,0.0018,1.051
58027.16042,12.0833,0.0019,1.052
58027.16091,12.0851,0.0019,1.052
58027.16142,12.0795,0.0019,1.053
58027.16192,12.0959,0.0020,1.054
58027.16244,12.0772,0.0020,1.054
58027.16294,12.0788,0.0020,1.055
58027.16344,12.0854,0.0020,1.056
58027.16395,12.0848,0.0020,1.056
58027.16444,12.0928,0.0019,1.057
58027.16495,12.0856,0.0019,1.057
58027.16546,12.0796,0.0017,1.058
58027.16597,12.0924,0.0016,1.059
58027.16647,12.0861,0.0015,1.059
58027.16698,12.0851,0.0014,1.060
58027.16749,12.0850,0.0013,1.061
58027.16799,12.0831,0.0012,1.062
58027.16848,12.0860,0.0011,1.062
58027.16900,12.0873,0.0011,1.063
58027.16950,12.0844,0.0012,1.064
58027.17001,12.0904,0.0012,1.064
58027.17052,12.0890,0.0013,1.065
58027.17102,12.0869,0.0014,1.066
58027.17153,12.0880,0.0015,1.067
58027.17204,12.0909,0.0016,1.067
58027.17255,12.0878,0.0016,1.068
58027.17304,12.0852,0.0017,1.069
58027.17354,12.0829,0.0017,1.070
58027.17405,12.0909,0.0018,1.071
58027.17456,12.0831,0.0018,1.071
58027.17507,12.0865,0.0018,1.072
58027.17558,12.0867,0.0018,1.073
58027.17609,12.0874,0.0018,1.074
58027.17659,12.0894,0.0018,1.075
58027.17709,12.0910,0.0017,1.075
58027.17759,12.0905,0.0016,1.076
58027.17810,12.0852,0.0016,1.077
58027.17861,12.0826,0.0015,1.078
58027.17912,12.0828,0.0014,1.079
58027.17962,12.0875,0.0013,1.080
58027.18013,12.0876,0.0012,1.081
58027.18063,12.0888,0.0012,1.082
58027.18113,12.0832,0.0012,1.082
58027.18164,12.0847,0.0013,1.083
58027.18214,12.0873,0.0014,1.084
58027.18265,12.0819,0.0015,1.085
58027.18316,12.0919,0.0016,1.086
58027.18366,12.0793,0.0018,1.087
58027.18417,12.0894,0.0019,1.088
58027.18466,12.0830,0.0019,1.089
58027.19002,12.0875,0.0019,1.100
58027.19052,12.0876,0.0019,1.101
58027.19103,12.0921,0.0019,1.102
58027.19154,12.0883,0.0019,1.103
58027.19205,12.0895,0.0018,1.104
58027.19256,12.0901,0.0017,1.105
58027.19307,12.0812,0.0016,1.106
58027.19356,12.0823,0.0015,1.107
58027.19406,12.0896,0.0014,1.108
58027.19456,12.0796,0.0014,1.109
58027.19507,12.0876,0.0014,1.111
58027.19558,12.0818,0.0014,1.112
58027.19609,12.0796,0.0014,1.113
58027.19659,12.0894,0.0014,1.114
58027.19708,12.0845,0.0014,1.115
58027.19759,12.0932,0.0014,1.116
58027.19810,12.0850,0.0015,1.118
58027.19861,12.0757,0.0015,1.119
58027.19911,12.0895,0.0015,1.120
58027.19962,12.0802,0.0015,1.121
58027.20012,12.0906,0.0016,1.122
58027.20063,12.0847,0.0017,1.124
58027.20113,12.0882,0.0018,1.125
58027.20163,12.0870,0.0019,1.126
58027.20213,12.0874,0.0020,1.127
58027.20263,12.0797,0.0021,1.129
58027.20315,12.0904,0.0021,1.130
58027.20366,12.0917,0.0022,1.131
58027.20416,12.0794,0.0022,1.133
58027.20465,12.0842,0.0021,1.134
58027.20516,12.0855,0.0021,1.135
58027.20566,12.0870,0.0021,1.137
58027.20617,12.0843,0.0020,1.138
58027.20668,12.0828,0.0019,1.139
58027.20718,12.0827,0.0019,1.141
58027.20769,12.0815,0.0018,1.142
58027.20818,12.0916,0.0018,1.143
58027.20869,12.0838,0.0017,1.145
58027.20920,12.0846,0.0017,1.146
58027.20970,12.0788,0.0017,1.148
58027.21021,12.0836,0.0016,1.149
58027.21071,12.0932,0.0015,1.151
58027.21122,12.0880,0.0015,1.152
58027.21171,12.0882,0.0014,1.153
58027.21222,12.0878,0.0013,1.155
58027.21272,12.0838,0.0012,1.156
58027.21322,12.0920,0.0012,1.158
58027.21372,12.0791,0.0011,1.159
58027.21422,12.0859,0.0010,1.161
58027.21473,12.0866,0.0010,1.162
58027.21523,12.0886,0.0010,1.164
58027.21574,12.0884,0.0010,1.165
58027.21625,12.0872,0.0011,1.167
58027.21676,12.0863,0.0012,1.169
58027.21727,12.0909,0.0013,1.170
58027.21777,12.0835,0.0015,1.172
58027.21828,12.0838,0.0016,1.173
58027.21877,12.0781,0.0017,1.175
58027.21928,12.0771,0.0018,1.177
58027.21978,12.0822,0.0018,1.178
58027.22029,12.0853,0.0019,1.180
58027.22079,12.0871,0.0019,1.181
58027.22130,12.0915,0.0019,1.183
58027.22179,12.0841,0.0018,1.185
58027.22230,12.0843,0.0017,1.186
58027.22281,12.0829,0.0016,1.188
58027.22332,12.0798,0.0015,1.190
58027.22383,12.0829,0.0014,1.192
58027.22433,12.0851,0.0013,1.193
58027.22484,12.0911,0.0012,1.195
58027.22535,12.0860,0.0011,1.197
58027.22586,12.0849,0.0011,1.199
58027.22637,12.0840,0.0011,1.200
58027.22686,12.0911,0.0011,1.202
58027.22737,12.0874,0.0011,1.204
58027.22787,12.0839,0.0011,1.206
58027.22839,12.0876,0.0010,1.208
58027.22890,12.0895,0.0010,1.210
58027.22940,12.0869,0.0010,1.211
58027.22991,12.0853,0.0010,1.213
58027.23041,12.0892,0.0010,1.215
58027.23093,12.0886,0.0010,1.217
58027.23144,12.0828,0.0010,1.219
58027.23193,12.0913,0.0010,1.221
58027.23243,12.0923,0.0010,1.223
58027.23293,12.0857,0.0010,1.225
58027.23344,12.0852,0.0010,1.227
58027.23395,12.0819,0.0010,1.229
58027.23446,12.0802,0.0011,1.231
58027.23497,12.0787,0.0011,1.233
58027.23544,12.0868,0.0012,1.235
58027.23595,12.0847,0.0013,1.237
58027.23645,12.0873,0.0015,1.239
58027.23696,12.0818,0.0016,1.241
58027.23745,12.0833,0.0018,1.243
58027.23795,12.0831,0.0019,1.245
58027.23846,12.0705,0.0021,1.247
58027.23896,12.0806,0.0022,1.249
58027.23947,12.0900,0.0022,1.251
58027.23998,12.0895,0.0023,1.253
58027.24049,12.0781,0.0023,1.255
58027.24098,12.0901,0.0023,1.258
58027.24149,12.0867,0.0022,1.260
58027.24200,12.0847,0.0021,1.262
58027.24250,12.0820,0.0020,1.264
58027.24301,12.0782,0.0019,1.266
58027.24351,12.0839,0.0018,1.269
58027.24402,12.0863,0.0017,1.271
58027.24453,12.0840,0.0016,1.273
58027.24503,12.0898,0.0016,1.275
58027.24553,12.0906,0.0016,1.278
58027.24603,12.0833,0.0016,1.280
58027.24653,12.0851,0.0016,1.282
58027.24704,12.0831,0.0016,1.285
58027.24753,12.0931,0.0015,1.287
58027.24804,12.0914,0.0015,1.289
58027.24855,12.0953,0.0014,1.292
58027.24905,12.0906,0.0014,1.294
58027.24955,12.0852,0.0014,1.297
58027.25006,12.0900,0.0014,1.299
58027.25057,12.0852,0.0014,1.301
58027.25108,12.0835,0.0015,1.304
58027.25159,12.0884,0.0016,1.306
58027.25208,12.0849,0.0017,1.309
58027.25259,12.0805,0.0019,1.311
58027.25310,12.0814,0.0020,1.314
58027.25360,12.0802,0.0021,1.317
58027.25411,12.0879,0.0023,1.319
58027.25462,12.0845,0.0023,1.322
58027.25512,12.0855,0.0024,1.324
58027.25561,12.0791,0.0024,1.327
58027.25613,12.0913,0.0025,1.330
58027.25664,12.0750,0.0024,1.332
58027.25715,12.0922,0.0024,1.335
58027.25765,12.0749,0.0023,1.338
58027.25815,12.0878,0.0023,1.340
58027.25866,12.0864,0.0023,1.343
58027.25917,12.0863,0.0023,1.346
58027.25968,12.0838,0.0023,1.349
58027.26019,12.0878,0.0023,1.351
58027.26069,12.0821,0.0024,1.354
58027.26119,12.0814,0.0024,1.357
58027.26171,12.0844,0.0024,1.360
58027.26222,12.0839,0.0025,1.363
58027.26272,12.0789,0.0025,1.366
58027.26322,12.0945,0.0025,1.368
58027.26373,12.0829,0.0024,1.371
58027.26424,12.0788,0.0023,1.374
58027.26475,12.0847,0.0022,1.377
58027.26525,12.0872,0.0021,1.380
58027.26575,12.0766,0.0020,1.383
58027.26627,12.0787,0.0019,1.386
58027.26678,12.0823,0.0018,1.389
58027.26729,12.0771,0.0017,1.393
58027.26779,12.0846,0.0016,1.396
58027.26830,12.0838,0.0015,1.399
58027.26880,12.0816,0.0015,1.402
58027.26931,12.0882,0.0014,1.405
58027.26980,12.0758,0.0014,1.408
58027.27031,12.0877,0.0014,1.411
58027.27082,12.0848,0.0013,1.414
58027.27132,12.0791,0.0014,1.418
58027.27183,12.0796,0.0014,1.421
58027.27234,12.0807,0.0015,1.424
58027.27284,12.0872,0.0017,1.427
58027.27334,12.0798,0.0018,1.431
58027.27385,12.0711,0.0020,1.434
58027.27435,12.0830,0.0022,1.437
58027.27485,12.0885,0.0023,1.441
58027.27536,12.0755,0.0025,1.444
58027.27587,12.0857,0.0026,1.448
58027.27637,12.0829,0.0027,1.451
58027.27687,12.0783,0.0029,1.454
58027.27738,12.0850,0.0030,1.458
58027.27788,12.0926,0.0031,1.461
58027.27838,12.0766,0.0032,1.465
58027.27891,12.0890,0.0032,1.469
58027.27941,12.0869,0.0032,1.472
58027.27992,12.1009,0.0033,1.476
58027.28042,12.0940,0.0033,1.479
58027.28094,12.0865,0.0033,1.483
58027.28144,12.0891,0.0032,1.487
58027.28193,12.0798,0.0032,1.491
58027.28244,12.0929,0.0031,1.494
58027.28294,12.0862,0.0031,1.498
58027.28345,12.0861,0.0030,1.502
58027.28396,12.0841,0.0029,1.506
58027.28446,12.0907,0.0028,1.509
58027.28495,12.0963,0.0027,1.513
58027.28546,12.0940,0.0026,1.517
58027.28597,12.0870,0.0025,1.521
58027.28648,12.0762,0.0024,1.525
58027.28698,12.0841,0.0022,1.529
58027.28748,12.0895,0.0021,1.533
58027.28799,12.0751,0.0020,1.537
58027.28850,12.0899,0.0020,1.541
58027.28900,12.0889,0.0019,1.545
58027.28951,12.0825,0.0018,1.549
58027.29002,12.0870,0.0018,1.554
58027.29053,12.0828,0.0018,1.558
58027.29103,12.0903,0.0017,1.562
58027.29154,12.0777,0.0018,1.566
58027.29205,12.0831,0.0019,1.571
58027.29257,12.0777,0.0021,1.575
58027.29307,12.1037,0.0024,1.579
58027.29356,12.0677,0.0027,1.584
58027.29407,12.0800,0.0030,1.588
58027.29459,12.0934,0.0033,1.592
58027.29510,12.0753,0.0035,1.597
58027.29561,12.0892,0.0036,1.601
58027.29611,12.0925,0.0037,1.606
58027.29662,12.0939,0.0036,1.611
58027.29713,12.0932,0.0035,1.615
58027.29764,12.0849,0.0034,1.620
58027.29815,12.0769,0.0033,1.624
58027.29866,12.0725,0.0032,1.629
58027.29917,12.0809,0.0030,1.634
58027.29966,12.1021,0.0029,1.639
58027.30017,12.0753,0.0029,1.643
58027.30068,12.0920,0.0028,1.648
58027.30119,12.1110,0.0027,1.653
58027.30170,12.0598,0.0026,1.658
58027.30221,12.0803,0.0025,1.663
58027.30271,12.0841,0.0025,1.668
58027.30322,12.0927,0.0024,1.673
58027.30372,12.0821,0.0024,1.678
58027.30422,12.0983,0.0023,1.683
58027.30472,12.0872,0.0022,1.688
58027.30523,12.0904,0.0021,1.693
58027.30574,12.0939,0.0020,1.699
58027.30625,12.0852,0.0019,1.704
58027.30675,12.0906,0.0018,1.709
58027.30725,12.0828,0.0017,1.714
58027.30775,12.0954,0.0017,1.720
58027.30826,12.0851,0.0016,1.725
58027.30877,12.0883,0.0015,1.730
58027.30928,12.0843,0.0015,1.736
58027.30979,12.0941,0.0015,1.741
58027.31029,12.0923,0.0015,1.747
58027.31080,12.0952,0.0016,1.753
58027.31131,12.0850,0.0017,1.758
58027.31181,12.0883,0.0018,1.764
58027.31231,12.0846,0.0019,1.770
58027.31281,12.0824,0.0020,1.775
58027.31332,12.0980,0.0020,1.781
58027.31383,12.0880,0.0021,1.787
58027.31434,12.0923,0.0021,1.793
58027.31485,12.0893,0.0021,1.799
58027.31535,12.0932,0.0021,1.805
58027.31586,12.0894,0.0021,1.811
58027.31635,12.0945,0.0021,1.817
58027.31686,12.0831,0.0022,1.823
58027.31737,12.0906,0.0023,1.829
58027.31788,12.0838,0.0025,1.836
58027.31839,12.0826,0.0027,1.842
58027.31890,12.0966,0.0028,1.848
58027.31940,12.0949,0.0030,1.854
58027.31992,12.0838,0.0031,1.861
58027.32046,12.0861,0.0033,1.868
58027.32096,12.0933,0.0034,1.874
58027.32147,12.0877,0.0035,1.881
58027.32197,12.0938,0.0035,1.888
58027.32247,12.0955,0.0035,1.894
58027.32299,12.0836,0.0036,1.901
58027.32350,12.0819,0.0037,1.908
58027.32400,12.0791,0.0038,1.915
58027.32451,12.0802,0.0040,1.922
58027.32502,12.0914,0.0042,1.929
58027.32553,12.1024,0.0043,1.936
58027.32603,12.0882,0.0043,1.943
58027.32654,12.1013,0.0042,1.950
58027.32704,12.0941,0.0042,1.957
58027.32755,12.0799,0.0042,1.964
58027.32804,12.0866,0.0042,1.972
58027.32856,12.1007,0.0041,1.979
58027.32907,12.0947,0.0040,1.987
58027.32957,12.0782,0.0040,1.994
58027.33008,12.0846,0.0040,2.002
58027.33059,12.1029,0.0041,2.009
58027.33110,12.0823,0.0042,2.017
58027.33161,12.0918,0.0043,2.025
58027.33211,12.0831,0.0042,2.032
58027.33262,12.0995,0.0042,2.040
58027.33311,12.0778,0.0041,2.048
58027.33361,12.0855,0.0039,2.056
58027.33412,12.1089,0.0037,2.064
58027.33463,12.0976,0.0034,2.072
58027.33513,12.0966,0.0032,2.081
58027.33564,12.0893,0.0029,2.089
58027.33613,12.0735,0.0028,2.097
58027.33664,12.0981,0.0026,2.106
58027.33716,12.0984,0.0025,2.114
58027.33766,12.0751,0.0024,2.123
58027.33817,12.0694,0.0023,2.131
58027.33868,12.0890,0.0023,2.140
58027.33919,12.0998,0.0024,2.149
58027.33970,12.0866,0.0024,2.158
58027.34020,12.0995,0.0025,2.167
58027.34071,12.0905,0.0027,2.176
58027.34120,12.1014,0.0029,2.185
58027.34170,12.0642,0.0031,2.194
58027.34221,12.1010,0.0033,2.203
58027.34272,12.1017,0.0035,2.213
58027.34322,12.0801,0.0036,2.222
58027.34372,12.1060,0.0037,2.231
58027.34422,12.1112,0.0037,2.241
58027.34473,12.0837,0.0036,2.251
58027.34524,12.0766,0.0048,2.261
58028.10328,12.0797,0.0031,1.028
58028.10377,12.0909,0.0031,1.027
58028.10428,12.0907,0.0031,1.027
58028.10580,12.0991,0.0017,1.027
58028.10631,12.0740,0.0019,1.027
58028.10681,12.0938,0.0022,1.027
58028.10733,12.0838,0.0024,1.027
58028.10782,12.0864,0.0026,1.027
58028.10833,12.0834,0.0028,1.027
58028.10883,12.0771,0.0029,1.027
58028.10934,12.0874,0.0031,1.027
58028.10981,12.0836,0.0032,1.026
58028.11031,12.1018,0.0033,1.026
58028.11082,12.0902,0.0033,1.026
58028.11132,12.0997,0.0033,1.026
58028.11182,12.0790,0.0033,1.026
58028.11233,12.0848,0.0032,1.026
58028.11285,12.0890,0.0031,1.026
58028.11336,12.0810,0.0030,1.026
58028.11385,12.0899,0.0028,1.026
58028.11436,12.0952,0.0027,1.026
58028.11486,12.0890,0.0025,1.026
58028.11538,12.0919,0.0023,1.026
58028.11588,12.0963,0.0021,1.026
58028.11638,12.0825,0.0020,1.026
58028.11690,12.0797,0.0019,1.026
58028.12451,12.0877,0.0017,1.028
58028.12502,12.0849,0.0017,1.028
58028.12551,12.0961,0.0016,1.028
58028.12602,12.0922,0.0016,1.028
58028.12653,12.0924,0.0016,1.029
58028.12703,12.0735,0.0016,1.029
58028.12752,12.0860,0.0017,1.029
58028.12803,12.0882,0.0017,1.029
58028.12853,12.0950,0.0018,1.029
58028.12903,12.0891,0.0018,1.029
58028.12950,12.0874,0.0019,1.030
58028.13000,12.0864,0.0019,1.030
58028.13050,12.0862,0.0020,1.030
58028.13101,12.0992,0.0020,1.030
58028.13150,12.0908,0.0021,1.031
58028.13203,12.0861,0.0021,1.031
58028.13253,12.0796,0.0022,1.031
58028.13303,12.0937,0.0023,1.031
58028.13353,12.0773,0.0024,1.032
58028.13403,12.0771,0.0025,1.032
58028.13454,12.0739,0.0025,1.032
58028.13503,12.0869,0.0026,1.032
58028.13554,12.0867,0.0027,1.033
58028.13605,12.0939,0.0027,1.033
58028.13705,12.0937,0.0027,1.034
58028.13756,12.0831,0.0026,1.034
58028.13806,12.0919,0.0026,1.034
58028.13856,12.0869,0.0024,1.035
58028.13906,12.0913,0.0023,1.035
58028.13954,12.0758,0.0021,1.035
58028.14000,12.0784,0.0020,1.035
58028.14050,12.0885,0.0018,1.036
58028.14101,12.0816,0.0017,1.036
58028.14150,12.0854,0.0016,1.037
58028.14200,12.0815,0.0015,1.037
58028.14251,12.0963,0.0014,1.037
58028.14302,12.0934,0.0014,1.038
58028.14353,12.0902,0.0014,1.038
58028.14399,12.0894,0.0014,1.038
58028.14450,12.0885,0.0015,1.039
58028.14500,12.0856,0.0016,1.039
58028.14551,12.0859,0.0017,1.040
58028.14601,12.0860,0.0018,1.040
58028.14650,12.0925,0.0019,1.041
58028.14701,12.0668,0.0020,1.041
58028.14752,12.0863,0.0021,1.041
58028.14802,12.0706,0.0022,1.042
58028.14850,12.0929,0.0022,1.042
58028.14899,12.0841,0.0023,1.043
58028.14949,12.0738,0.0023,1.043
58028.15000,12.0903,0.0022,1.044
58028.15051,12.0884,0.0022,1.044
58028.15101,12.0878,0.0021,1.045
58028.15152,12.0775,0.0020,1.045
58028.15203,12.0773,0.0019,1.046
58028.15253,12.0913,0.0018,1.046
58028.15303,12.0849,0.0018,1.047
58028.15354,12.0851,0.0017,1.047
58028.15404,12.0807,0.0017,1.048
58028.15455,12.0802,0.0016,1.048
58028.15506,12.0815,0.0016,1.049
58028.15556,12.0744,0.0016,1.049
58028.15606,12.0806,0.0016,1.050
58028.15657,12.0848,0.0017,1.051
58028.15707,12.0863,0.0017,1.051
58028.15758,12.0791,0.0018,1.052
58028.15808,12.0968,0.0019,1.052
58028.15858,12.0810,0.0021,1.053
58028.15910,12.0831,0.0022,1.054
58028.15956,12.0789,0.0024,1.054
58028.16007,12.0867,0.0025,1.055
58028.16057,12.0912,0.0025,1.055
58028.16108,12.0831,0.0026,1.056
58028.16159,12.0898,0.0026,1.057
58028.16208,12.0767,0.0027,1.057
58028.16259,12.0969,0.0027,1.058
58028.16310,12.0764,0.0027,1.059
58028.16361,12.0928,0.0027,1.059
58028.16411,12.0928,0.0027,1.060
58028.16462,12.0886,0.0028,1.061
58028.16513,12.0829,0.0028,1.061
58028.16564,12.0681,0.0029,1.062
58028.16616,12.0805,0.0029,1.063
58028.16667,12.0785,0.0029,1.064
58028.16716,12.0824,0.0030,1.064
58028.16767,12.0918,0.0029,1.065
58028.16818,12.0831,0.0029,1.066
58028.16869,12.0756,0.0029,1.067
58028.16919,12.0711,0.0028,1.067
58028.16970,12.0796,0.0027,1.068
58028.17021,12.0833,0.0026,1.069
58028.17071,12.0851,0.0025,1.070
58028.17120,12.0773,0.0023,1.070
58028.17171,12.0826,0.0022,1.071
58028.17219,12.0924,0.0020,1.072
58028.17270,12.0876,0.0019,1.073
58028.17321,12.0860,0.0018,1.074
58028.17372,12.0792,0.0017,1.074
58028.17421,12.0885,0.0017,1.075
58028.17471,12.0945,0.0017,1.076
58028.17521,12.0861,0.0017,1.077
58028.17572,12.0921,0.0018,1.078
58028.17623,12.0829,0.0019,1.079
58028.17674,12.0939,0.0020,1.080
58028.17723,12.0815,0.0020,1.080
58028.17774,12.0790,0.0021,1.081
58028.17825,12.0825,0.0021,1.082
58028.17875,12.0960,0.0021,1.083
58028.17925,12.0931,0.0022,1.084
58028.17977,12.0927,0.0022,1.085
58028.18027,12.0789,0.0022,1.086
58028.18076,12.0810,0.0018,1.087
58028.18127,12.0832,0.0019,1.088
58028.18229,12.0721,0.0023,1.090
58028.18280,12.0871,0.0025,1.091
58028.18331,12.0901,0.0032,1.092
58028.18381,12.0815,0.0034,1.093
58028.18432,12.0901,0.0035,1.094
58028.18483,12.0899,0.0035,1.095
58028.18532,12.0830,0.0035,1.096
58028.18583,12.0847,0.0035,1.097
58028.18633,12.0685,0.0035,1.098
58028.18685,12.0857,0.0035,1.099
58028.18736,12.0920,0.0036,1.100
58028.18787,12.0922,0.0037,1.101
58028.18837,12.0736,0.0038,1.102
58028.18888,12.0797,0.0039,1.103
58028.19041,12.0916,0.0041,1.106
58028.19090,12.0894,0.0043,1.107
58028.19141,12.0868,0.0045,1.109
58028.19193,12.0912,0.0037,1.110
58028.19244,12.0997,0.0037,1.111
58028.19346,12.0847,0.0036,1.113
58028.19396,12.0852,0.0034,1.114
58028.19447,12.1018,0.0041,1.116
58028.19497,12.0829,0.0038,1.117
58028.19547,12.0850,0.0035,1.118
58028.19594,12.0868,0.0032,1.119
58028.19645,12.0915,0.0028,1.120
58028.19693,12.0859,0.0025,1.121
58028.19744,12.0892,0.0022,1.123
58028.19792,12.0817,0.0020,1.124
58028.19843,12.0858,0.0019,1.125
58028.19892,12.0960,0.0018,1.126
58028.19943,12.0841,0.0018,1.128
58028.19993,12.0802,0.0019,1.129
58028.20044,12.0783,0.0020,1.130
58028.20094,12.0760,0.0021,1.131
58028.20144,12.0849,0.0022,1.133
58028.20194,12.0775,0.0023,1.134
58028.20244,12.0912,0.0024,1.135
58028.20294,12.0845,0.0025,1.137
58028.20345,12.0871,0.0026,1.138
58028.20396,12.0669,0.0026,1.139
58028.20447,12.0903,0.0026,1.141
58028.20498,12.0825,0.0026,1.142
58028.20547,12.0855,0.0027,1.143
58028.20598,12.0927,0.0027,1.145
58028.20648,12.0916,0.0027,1.146
58028.20699,12.0764,0.0027,1.148
58028.20750,12.0756,0.0028,1.149
58028.20800,12.0825,0.0028,1.151
58028.20850,12.0821,0.0029,1.152
58028.20900,12.0851,0.0030,1.153
58028.20951,12.0849,0.0031,1.155
58028.21002,12.0782,0.0033,1.156
58028.21052,12.0829,0.0034,1.158
58028.21103,12.0848,0.0036,1.159
58028.21153,12.0794,0.0038,1.161
58028.21203,12.0919,0.0039,1.162
58028.21253,12.0665,0.0041,1.164
58028.21304,12.0733,0.0042,1.165
58028.21355,12.0767,0.0034,1.167
58028.21406,12.0975,0.0036,1.169
58028.21502,12.0991,0.0037,1.172
58028.21552,12.0761,0.0037,1.173
58028.21603,12.0942,0.0045,1.175
58028.21654,12.0799,0.0044,1.176
58028.21704,12.0823,0.0043,1.178
58028.21804,12.0875,0.0041,1.181
58028.21854,12.0736,0.0038,1.183
58028.21905,12.0814,0.0036,1.185
58028.21956,12.0682,0.0034,1.186
58028.22006,12.0829,0.0032,1.188
58028.22057,12.0803,0.0030,1.190
58028.22106,12.0763,0.0029,1.191
58028.22157,12.0732,0.0029,1.193
58028.22208,12.0754,0.0028,1.195
58028.22258,12.0831,0.0028,1.197
58028.22309,12.0704,0.0028,1.199
58028.22360,12.0819,0.0028,1.200
58028.22411,12.0675,0.0027,1.202
58028.22462,12.0726,0.0027,1.204
58028.22512,12.0876,0.0027,1.206
58028.22561,12.0892,0.0027,1.208
58028.22611,12.0849,0.0026,1.209
58028.22662,12.0800,0.0026,1.211
58028.22712,12.0895,0.0026,1.213
58028.22762,12.0793,0.0027,1.215
58028.22812,12.0767,0.0021,1.217
58028.22865,12.0831,0.0023,1.219
58028.22965,12.0892,0.0026,1.223
58028.23015,12.0957,0.0028,1.225
58028.23066,12.0713,0.0036,1.227
58028.23116,12.0713,0.0037,1.228
58028.23166,12.0756,0.0038,1.230
58028.23216,12.0790,0.0038,1.232
58028.23316,12.0786,0.0037,1.236
58028.23366,12.0799,0.0069,1.238
58029.07168,12.0746,0.0018,1.046
58029.07218,12.0722,0.0018,1.045
58029.07269,12.0902,0.0018,1.045
58029.07318,12.0851,0.0015,1.044
58029.07369,12.0889,0.0016,1.044
58029.07420,12.0737,0.0017,1.043
58029.07471,12.0777,0.0018,1.043
58029.07521,12.0793,0.0018,1.042
58029.07572,12.0757,0.0018,1.042
58029.07622,12.0875,0.0018,1.042
58029.07674,12.0873,0.0018,1.041
58029.07725,12.0888,0.0018,1.041
58029.07774,12.0816,0.0019,1.040
58029.07825,12.0780,0.0019,1.040
58029.07876,12.0843,0.0020,1.039
58029.07926,12.0834,0.0021,1.039
58029.07977,12.0851,0.0021,1.038
58029.08028,12.0853,0.0021,1.038
58029.08078,12.0808,0.0022,1.038
58029.08128,12.0876,0.0022,1.037
58029.08178,12.0855,0.0022,1.037
58029.08228,12.0878,0.0021,1.037
58029.08278,12.0930,0.0021,1.036
58029.08329,12.0833,0.0020,1.036
58029.08378,12.0867,0.0020,1.036
58029.08429,12.0912,0.0020,1.035
58029.08477,12.0853,0.0020,1.035
58029.08527,12.0766,0.0020,1.035
58029.08576,12.0789,0.0020,1.034
58029.08626,12.0809,0.0020,1.034
58029.08677,12.0858,0.0020,1.034
58029.08727,12.0928,0.0020,1.033
58029.08777,12.0797,0.0019,1.033
58029.08828,12.0834,0.0019,1.033
58029.08877,12.0825,0.0018,1.032
58029.08927,12.0787,0.0018,1.032
58029.08978,12.0838,0.0017,1.032
58029.09029,12.0861,0.0017,1.032
58029.09080,12.0832,0.0016,1.031
58029.09130,12.0929,0.0015,1.031
58029.09179,12.0832,0.0015,1.031
58029.09229,12.0823,0.0015,1.031
58029.09280,12.0808,0.0014,1.030
58029.09330,12.0811,0.0015,1.030
58029.09381,12.0721,0.0015,1.030
58029.09431,12.0833,0.0015,1.030
58029.09481,12.0886,0.0015,1.029
58029.09531,12.0784,0.0015,1.029
58029.09582,12.0792,0.0015,1.029
58029.09632,12.0890,0.0015,1.029
58029.09683,12.0884,0.0015,1.029
58029.09733,12.0783,0.0015,1.029
58029.09782,12.0773,0.0015,1.028
58029.09832,12.0836,0.0016,1.028
58029.09882,12.0791,0.0016,1.028
58029.09933,12.0828,0.0017,1.028
58029.09983,12.0948,0.0018,1.028
58029.10034,12.0817,0.0019,1.028
58029.10084,12.0806,0.0020,1.028
58029.10134,12.0911,0.0021,1.027
58029.10185,12.0802,0.0022,1.027
58029.10235,12.0820,0.0023,1.027
58029.10286,12.0849,0.0024,1.027
58029.10336,12.0827,0.0024,1.027
58029.10385,12.0781,0.0024,1.027
58029.10436,12.0878,0.0024,1.027
58029.10486,12.0829,0.0023,1.027
58029.10537,12.0801,0.0022,1.027
58029.10587,12.0756,0.0021,1.027
58029.10638,12.0799,0.0020,1.027
58029.10689,12.0890,0.0020,1.026
58029.10740,12.0884,0.0019,1.026
58029.10789,12.0773,0.0018,1.026
58029.10839,12.0891,0.0018,1.026
58029.10890,12.0832,0.0018,1.026
58029.10941,12.0808,0.0018,1.026
58029.10992,12.0827,0.0018,1.026
58029.11043,12.0819,0.0019,1.026
58029.11093,12.0930,0.0019,1.026
58029.11247,12.0837,0.0019,1.026
58029.11296,12.0859,0.0019,1.026
58029.11346,12.0891,0.0018,1.026
58029.11396,12.0820,0.0018,1.026
58029.11446,12.0882,0.0018,1.027
58029.11497,12.0792,0.0017,1.027
58029.11547,12.0882,0.0016,1.027
58029.11598,12.0828,0.0016,1.027
58029.11648,12.0744,0.0015,1.027
58029.11699,12.0943,0.0015,1.027
58029.11749,12.0780,0.0014,1.027
58029.11800,12.0847,0.0013,1.027
58029.11850,12.0781,0.0013,1.027
58029.11900,12.0959,0.0013,1.027
58029.11950,12.0790,0.0012,1.027
58029.12001,12.0879,0.0012,1.027
58029.12052,12.0782,0.0012,1.028
58029.12103,12.0786,0.0012,1.028
58029.12153,12.0855,0.0012,1.028
58029.12204,12.0824,0.0012,1.028
58029.12255,12.0849,0.0012,1.028
58029.12304,12.0815,0.0013,1.028
58029.12355,12.0813,0.0013,1.028
58029.12406,12.0850,0.0013,1.029
58029.12456,12.0817,0.0014,1.029
58029.12506,12.0854,0.0014,1.029
58029.12556,12.0758,0.0013,1.029
58029.12605,12.0886,0.0013,1.029
58029.12656,12.0840,0.0013,1.030
58029.12706,12.0829,0.0012,1.030
58029.12808,12.0808,0.0012,1.030
58029.12858,12.0904,0.0012,1.030
58029.12909,12.0852,0.0011,1.031
58029.12958,12.0696,0.0011,1.031
58029.13009,12.0786,0.0012,1.031
58029.13059,12.0853,0.0012,1.031
58029.13110,12.0841,0.0012,1.032
58029.13160,12.0842,0.0012,1.032
58029.13209,12.0773,0.0013,1.032
58029.13260,12.0798,0.0013,1.033
58029.13311,12.0860,0.0013,1.033
58029.13361,12.0877,0.0013,1.033
58029.13411,12.0847,0.0013,1.033
58029.13461,12.0855,0.0013,1.034
58029.13512,12.0842,0.0013,1.034
58029.13563,12.0894,0.0013,1.034
58029.13613,12.0851,0.0013,1.035
58029.13663,12.0791,0.0013,1.035
58029.13713,12.0850,0.0013,1.035
58029.13764,12.0827,0.0013,1.036
58029.13814,12.0778,0.0013,1.036
58029.13863,12.0881,0.0013,1.036
58029.13913,12.0847,0.0013,1.037
58029.13963,12.0781,0.0013,1.037
58029.14013,12.0820,0.0013,1.038
58029.14064,12.0885,0.0013,1.038
58029.14115,12.0811,0.0012,1.038
58029.14164,12.0881,0.0012,1.039
58029.14215,12.0841,0.0012,1.039
58029.14265,12.0848,0.0012,1.040
58029.14315,12.0836,0.0013,1.040
58029.14367,12.0811,0.0013,1.040
58029.14417,12.0803,0.0013,1.041
58029.14468,12.0852,0.0014,1.041
58029.14519,12.0823,0.0014,1.042
58029.14569,12.0847,0.0014,1.042
58029.14619,12.0780,0.0014,1.043
58029.14670,12.0871,0.0015,1.043
58029.14720,12.0863,0.0015,1.044
58029.14771,12.0840,0.0015,1.044
58029.14822,12.0870,0.0014,1.045
58029.14873,12.0851,0.0014,1.045
58029.14922,12.0849,0.0014,1.046
58029.14973,12.0805,0.0014,1.046
58029.15023,12.0821,0.0014,1.047
58029.15073,12.0865,0.0014,1.047
58029.15124,12.0816,0.0014,1.048
58029.15174,12.0782,0.0014,1.048
58029.15225,12.0769,0.0014,1.049
58029.15274,12.0852,0.0014,1.049
58029.15325,12.0888,0.0015,1.050
58029.15375,12.0803,0.0016,1.050
58029.15426,12.0818,0.0018,1.051
58029.15476,12.0834,0.0019,1.052
58029.15525,12.0893,0.0020,1.052
58029.15576,12.0786,0.0021,1.053
58029.15627,12.0828,0.0022,1.053
58029.15676,12.0844,0.0023,1.054
58029.15728,12.0869,0.0023,1.055
58029.15774,12.0919,0.0023,1.055
58029.15825,12.0839,0.0022,1.056
58029.15876,12.0818,0.0022,1.057
58029.15926,12.0899,0.0022,1.057
58029.15977,12.0777,0.0022,1.058
58029.16027,12.0886,0.0022,1.058
58029.16078,12.0845,0.0023,1.059
58029.16127,12.0860,0.0023,1.060
58029.16178,12.0850,0.0024,1.061
58029.16228,12.0834,0.0024,1.061
58029.16278,12.0864,0.0025,1.062
58029.16330,12.0894,0.0025,1.063
58029.16380,12.0864,0.0025,1.063
58029.16431,12.0840,0.0024,1.064
58029.16481,12.0868,0.0024,1.065
58029.16531,12.0900,0.0023,1.066
58029.16581,12.0733,0.0023,1.066
58029.16632,12.0854,0.0023,1.067
58029.16682,12.0881,0.0024,1.068
58029.16731,12.0870,0.0024,1.069
58029.16884,12.0783,0.0024,1.071
58029.16935,12.0825,0.0025,1.072
58029.16985,12.0954,0.0026,1.073
58029.17036,12.0908,0.0026,1.073
58029.17087,12.0797,0.0026,1.074
58029.17138,12.0880,0.0025,1.075
58029.17189,12.0738,0.0025,1.076
58029.17238,12.0794,0.0024,1.077
58029.17288,12.0704,0.0024,1.078
58029.17340,12.0832,0.0023,1.078
58029.17390,12.0828,0.0023,1.079
58029.17441,12.0817,0.0022,1.080
58029.17491,12.0792,0.0022,1.081
58029.17542,12.0858,0.0022,1.082
58029.17591,12.0832,0.0021,1.083
58029.17641,12.0713,0.0021,1.084
58029.17691,12.0681,0.0020,1.085
58029.17741,12.0860,0.0020,1.086
58029.17841,12.0822,0.0020,1.087
58029.17892,12.0876,0.0019,1.088
58029.17942,12.0902,0.0019,1.089
58029.17993,12.0825,0.0019,1.090
58029.18043,12.0808,0.0019,1.091
58029.18094,12.0941,0.0019,1.092
58029.18194,12.0807,0.0019,1.094
58029.18245,12.0858,0.0019,1.095
58029.18296,12.0773,0.0019,1.096
58029.18347,12.0840,0.0019,1.097
58029.18398,12.0806,0.0019,1.098
58029.18450,12.0881,0.0019,1.100
58029.18500,12.0846,0.0018,1.101
58029.18551,12.0803,0.0018,1.102
58029.18601,12.0777,0.0018,1.103
58029.18652,12.0826,0.0018,1.104
58029.18703,12.0783,0.0018,1.105
58029.18753,12.0799,0.0018,1.106
58029.18803,12.0933,0.0018,1.107
58029.18853,12.0905,0.0018,1.108
58029.18904,12.0784,0.0018,1.109
58029.18955,12.0894,0.0017,1.111
58029.19005,12.0925,0.0018,1.112
58029.19054,12.0753,0.0018,1.113
58029.19104,12.0800,0.0018,1.114
58029.19155,12.0686,0.0019,1.115
58029.19205,12.0811,0.0020,1.116
58029.19255,12.0790,0.0021,1.117
58029.19306,12.0840,0.0022,1.119
58029.19356,12.0741,0.0024,1.120
58029.19406,12.0873,0.0025,1.121
58029.19457,12.0818,0.0026,1.122
58029.19506,12.0805,0.0026,1.123
58029.19557,12.0795,0.0025,1.125
58029.19608,12.0779,0.0024,1.126
58029.19657,12.0820,0.0023,1.127
58029.19708,12.0770,0.0022,1.129
58029.19758,12.0836,0.0020,1.130
58029.19807,12.0822,0.0018,1.131
58029.19856,12.0720,0.0016,1.132
58029.19907,12.0839,0.0016,1.134
58029.19957,12.0836,0.0016,1.135
58029.20008,12.0810,0.0017,1.136
58029.20058,12.0875,0.0020,1.138
58029.20109,12.0838,0.0022,1.139
58029.20159,12.0777,0.0024,1.140
58029.20209,12.0775,0.0026,1.142
58029.20259,12.0804,0.0028,1.143
58029.20309,12.0824,0.0029,1.144
58029.20359,12.0789,0.0029,1.146
58029.20410,12.0750,0.0029,1.147
58029.20461,12.0880,0.0029,1.149
58029.20510,12.0741,0.0028,1.150
58029.20561,12.0842,0.0026,1.152
58029.20612,12.0831,0.0025,1.153
58029.20843,12.0811,0.0024,1.160
58029.20889,12.0793,0.0023,1.161
58029.20940,12.0758,0.0022,1.163
58029.20990,12.0762,0.0022,1.164
58029.21041,12.0768,0.0022,1.166
58029.21090,12.0871,0.0022,1.167
58029.21141,12.0799,0.0022,1.169
58029.21191,12.0780,0.0022,1.170
58029.21242,12.0825,0.0022,1.172
58029.21293,12.0741,0.0022,1.174
58029.21343,12.0775,0.0022,1.175
58029.21394,12.0885,0.0022,1.177
58029.21444,12.0727,0.0022,1.179
58029.21494,12.0815,0.0023,1.180
58029.21545,12.0847,0.0023,1.182
58029.21595,12.0887,0.0023,1.183
58029.21646,12.0873,0.0024,1.185
58029.21696,12.0907,0.0024,1.187
58029.21745,12.0888,0.0024,1.188
58029.21796,12.0837,0.0024,1.190
58029.21846,12.0781,0.0024,1.192
58029.21897,12.0888,0.0024,1.194
58029.21948,12.0881,0.0023,1.195
58029.21998,12.0784,0.0022,1.197
58029.22049,12.0844,0.0021,1.199
58029.22100,12.0825,0.0020,1.201
58029.22149,12.0924,0.0020,1.203
58029.22199,12.0773,0.0019,1.204
58029.22250,12.0863,0.0018,1.206
58029.22300,12.0860,0.0018,1.208
58029.22352,12.0880,0.0017,1.210
58029.22402,12.0794,0.0017,1.212
58029.22453,12.0811,0.0017,1.214
58029.22503,12.0843,0.0016,1.215
58029.22554,12.0885,0.0016,1.217
58029.22604,12.0826,0.0016,1.219
58029.22655,12.0806,0.0016,1.221
58029.22706,12.0853,0.0017,1.223
58029.22806,12.0716,0.0018,1.227
58029.22856,12.0700,0.0019,1.229
58029.22906,12.0807,0.0020,1.231
58029.22957,12.0836,0.0021,1.233
58029.23007,12.0782,0.0022,1.235
58029.23059,12.0899,0.0023,1.237
58029.23109,12.0872,0.0023,1.239
58029.23159,12.0875,0.0024,1.241
58029.23208,12.0833,0.0024,1.243
58029.23259,12.0727,0.0024,1.245
58029.23309,12.0912,0.0024,1.247
58029.23360,12.0717,0.0023,1.249
58029.23411,12.0914,0.0022,1.252
58029.23462,12.0765,0.0026,1.254
58030.07258,12.0814,0.0015,1.042
58030.07306,12.0825,0.0015,1.042
58030.07354,12.0873,0.0015,1.041
58030.07402,12.0888,0.0010,1.041
58030.07450,12.0825,0.0011,1.041
58030.07499,12.0832,0.0012,1.040
58030.07547,12.0791,0.0013,1.040
58030.07595,12.0822,0.0014,1.039
58030.07642,12.0812,0.0014,1.039
58030.07691,12.0724,0.0014,1.039
58030.07740,12.0826,0.0015,1.038
58030.07834,12.0807,0.0016,1.037
58030.07883,12.0753,0.0016,1.037
58030.07931,12.0895,0.0017,1.037
58030.07979,12.0813,0.0017,1.036
58030.08028,12.0836,0.0018,1.036
58030.08075,12.0789,0.0018,1.036
58030.08123,12.0820,0.0019,1.035
58030.08171,12.0822,0.0019,1.035
58030.08220,12.0815,0.0020,1.035
58030.08269,12.0829,0.0020,1.034
58030.08317,12.0832,0.0020,1.034
58030.08365,12.0812,0.0021,1.034
58030.08413,12.0822,0.0021,1.034
58030.08461,12.0832,0.0021,1.033
58030.08509,12.0829,0.0021,1.033
58030.08558,12.0744,0.0022,1.033
58030.08655,12.0772,0.0022,1.032
58030.08703,12.0854,0.0022,1.032
58030.08751,12.0874,0.0022,1.032
58030.08799,12.0804,0.0022,1.031
58030.08848,12.0766,0.0022,1.031
58030.08896,12.0840,0.0022,1.031
58030.08944,12.0809,0.0022,1.031
58030.08993,12.0786,0.0022,1.030
58030.09042,12.0769,0.0022,1.030
58030.09138,12.0819,0.0021,1.030
58030.09186,12.0880,0.0021,1.030
58030.09234,12.0847,0.0021,1.029
58030.09281,12.0921,0.0021,1.029
58030.09330,12.0840,0.0021,1.029
58030.09378,12.0838,0.0021,1.029
58030.09426,12.0794,0.0021,1.029
58030.09475,12.0866,0.0021,1.029
58030.09962,12.0849,0.0022,1.027
58030.10010,12.0859,0.0023,1.027
58030.10058,12.0871,0.0024,1.027
58030.10106,12.0727,0.0025,1.027
58030.10155,12.0834,0.0026,1.027
58030.10203,12.0896,0.0021,1.027
58030.10251,12.0833,0.0021,1.027
58030.10346,12.0755,0.0021,1.027
58030.10395,12.0809,0.0020,1.027
58030.10443,12.0856,0.0024,1.026
58030.10492,12.0804,0.0022,1.026
58030.10539,12.0794,0.0020,1.026
58030.10587,12.0841,0.0018,1.026
58030.10635,12.0865,0.0016,1.026
58030.10683,12.0813,0.0014,1.026
58030.10730,12.0828,0.0013,1.026
58030.10779,12.0801,0.0012,1.026
58030.10826,12.0844,0.0013,1.026
58030.10875,12.0806,0.0013,1.026
58030.10922,12.0844,0.0014,1.026
58030.10971,12.0822,0.0015,1.026
58030.11016,12.0862,0.0015,1.026
58030.11065,12.0821,0.0016,1.026
58030.11112,12.0841,0.0016,1.026
58030.11161,12.0860,0.0016,1.027
58030.11212,12.0867,0.0015,1.027
58030.11259,12.0845,0.0015,1.027
58030.11308,12.0834,0.0014,1.027
58030.11356,12.0790,0.0013,1.027
58030.11405,12.0870,0.0013,1.027
58030.11451,12.0757,0.0012,1.027
58030.11500,12.0859,0.0011,1.027
58030.11549,12.0795,0.0011,1.027
58030.11597,12.0778,0.0010,1.027
58030.11645,12.0835,0.0010,1.027
58030.11692,12.0850,0.0010,1.027
58030.11741,12.0824,0.0011,1.027
58030.11789,12.0883,0.0011,1.028
58030.11838,12.0880,0.0012,1.028
58030.11885,12.0856,0.0012,1.028
58030.11933,12.0788,0.0013,1.028
58030.11981,12.0827,0.0013,1.028
58030.12029,12.0856,0.0014,1.028
58030.12078,12.0831,0.0015,1.028
58030.12125,12.0811,0.0015,1.029
58030.12174,12.0840,0.0016,1.029
58030.12222,12.0810,0.0018,1.029
58030.12271,12.0829,0.0019,1.029
58030.12318,12.0753,0.0021,1.029
58030.12366,12.0848,0.0022,1.030
58030.12414,12.0845,0.0024,1.030
58030.12461,12.0788,0.0025,1.030
58030.12508,12.0839,0.0026,1.030
58030.12557,12.0838,0.0026,1.030
58030.12605,12.0813,0.0026,1.031
58030.12654,12.0808,0.0025,1.031
58030.12703,12.0841,0.0025,1.031
58030.12751,12.0782,0.0023,1.031
58030.12800,12.0881,0.0021,1.032
58030.12848,12.0880,0.0020,1.032
58030.12897,12.0817,0.0019,1.032
58030.12946,12.0853,0.0017,1.032
58030.12992,12.0778,0.0017,1.033
58030.13041,12.0817,0.0016,1.033
58030.13088,12.0811,0.0015,1.033
58030.13137,12.0816,0.0015,1.033
58030.13185,12.0833,0.0014,1.034
58030.13234,12.0822,0.0014,1.034
58030.13282,12.0866,0.0014,1.034
58030.13330,12.0858,0.0014,1.035
58030.13377,12.0852,0.0014,1.035
58030.13426,12.0853,0.0014,1.035
58030.13473,12.0788,0.0014,1.036
58030.13522,12.0764,0.0014,1.036
58030.13569,12.0852,0.0014,1.036
58030.13970,12.0835,0.0014,1.039
58030.14017,12.0808,0.0014,1.040
58030.14065,12.0849,0.0013,1.040
58030.14112,12.0798,0.0013,1.041
58030.14161,12.0795,0.0012,1.041
58030.14208,12.0724,0.0012,1.041
58030.14256,12.0842,0.0012,1.042
58030.14303,12.0807,0.0010,1.042
58030.14351,12.0894,0.0010,1.043
58030.14448,12.0841,0.0011,1.044
58030.14497,12.0830,0.0011,1.044
58030.14545,12.0832,0.0014,1.045
58030.14593,12.0772,0.0015,1.045
58030.14640,12.0829,0.0016,1.046
58030.14688,12.0762,0.0016,1.046
58030.14736,12.0876,0.0016,1.047
58030.14784,12.0810,0.0016,1.047
58030.14831,12.0855,0.0016,1.047
58030.14880,12.0828,0.0017,1.048
58030.14927,12.0885,0.0017,1.049
58030.14976,12.0816,0.0017,1.049
58030.15023,12.0834,0.0017,1.050
58030.15072,12.0826,0.0018,1.050
58030.15119,12.0840,0.0018,1.051
58030.15168,12.0872,0.0018,1.051
58030.15216,12.0878,0.0019,1.052
58030.15265,12.0872,0.0019,1.052
58030.15313,12.0811,0.0019,1.053
58030.15361,12.0867,0.0018,1.054
58030.15410,12.0886,0.0018,1.054
58030.15457,12.0881,0.0017,1.055
58030.15505,12.0810,0.0016,1.055
58030.15553,12.0890,0.0016,1.056
58030.15601,12.0840,0.0015,1.057
58030.15648,12.0825,0.0014,1.057
58030.15696,12.0880,0.0013,1.058
58030.15743,12.0795,0.0013,1.058
58030.15791,12.0877,0.0013,1.059
58030.15838,12.0774,0.0014,1.060
58030.15887,12.0816,0.0015,1.060
58030.15935,12.0768,0.0016,1.061
58030.15984,12.0848,0.0017,1.062
58030.16031,12.0856,0.0018,1.062
58030.16080,12.0816,0.0019,1.063
58030.16128,12.0855,0.0020,1.064
58030.16176,12.0800,0.0021,1.064
58030.16225,12.0843,0.0021,1.065
58030.16272,12.0863,0.0021,1.066
58030.16319,12.0843,0.0020,1.066
58030.16369,12.0789,0.0019,1.067
58030.16417,12.0838,0.0018,1.068
58030.16465,12.0820,0.0016,1.069
58030.16513,12.0821,0.0015,1.069
58030.16561,12.0858,0.0013,1.070
58030.16611,12.0876,0.0012,1.071
58030.16659,12.0798,0.0011,1.072
58030.16706,12.0867,0.0011,1.072
58030.16753,12.0812,0.0010,1.073
58030.16801,12.0839,0.0010,1.074
58030.16850,12.0811,0.0010,1.075
58030.16897,12.0797,0.0011,1.076
58030.16946,12.0877,0.0011,1.076
58030.16994,12.0870,0.0012,1.077
58030.17042,12.0823,0.0012,1.078
58030.17233,12.0845,0.0013,1.081
58030.17280,12.0874,0.0014,1.082
58030.17328,12.0805,0.0015,1.083
58030.17376,12.0848,0.0016,1.084
58030.17424,12.0759,0.0017,1.085
58030.17471,12.0860,0.0017,1.086
58030.17520,12.0855,0.0018,1.087
58030.17568,12.0926,0.0018,1.087
58030.17617,12.0883,0.0018,1.088
58030.17666,12.0887,0.0018,1.089
58030.17713,12.0891,0.0017,1.090
58030.17762,12.0865,0.0017,1.091
58030.17809,12.0778,0.0016,1.092
58030.17856,12.0780,0.0015,1.093
58030.17904,12.0845,0.0014,1.094
58030.17951,12.0825,0.0013,1.095
58030.18000,12.0788,0.0013,1.096
58030.18047,12.0937,0.0012,1.097
58030.18096,12.0827,0.0012,1.098
58030.18144,12.0899,0.0012,1.099
58030.18191,12.0837,0.0011,1.100
58030.18237,12.0840,0.0011,1.101
58030.18286,12.0859,0.0011,1.102
58030.18334,12.0857,0.0011,1.103
58030.18382,12.0791,0.0012,1.104
58030.18431,12.0881,0.0012,1.105
58030.18478,12.0835,0.0012,1.106
58030.18525,12.0855,0.0013,1.107
58030.18574,12.0898,0.0014,1.108
58030.18623,12.0832,0.0014,1.109
58030.18671,12.0865,0.0015,1.110
58030.18718,12.0834,0.0016,1.111
58030.18765,12.0846,0.0016,1.112
58030.18812,12.0898,0.0016,1.113
58030.18861,12.0847,0.0016,1.115
58030.18910,12.0925,0.0030,1.116