0.3075056136017199	134.22030395463247
0.6150112272034398	130.93998539182084
0.9225168408051597	120.38260671320904
1.2300224544068796	99.25812710398971
1.5375280680085996	66.62078223878731
1.8450336816103194	65.2045334023685
2.1525392952120397	63.88414631148791
2.4600449088137593	62.29548396975239
2.7675505224154793	60.416871202504716
3.0750561360171993	58.67623014100658
3.3825617496189193	56.70527874447424
3.690067363220639	54.0986202931505
3.997572976822359	51.42729704793514
4.305078590424079	49.77069902491567
4.612584204025799	49.349628564610484
4.9200898176275185	48.709894984446535
5.227595431229239	47.44567136058223
5.5351010448309585	45.865552329538914
5.842606658432679	45.019177962210875
6.150112272034399	45.10863170757443
6.457617885636119	45.45846993919453
6.765123499237839	44.247670799215655
7.072629112839558	43.83882940895724
7.380134726441278	47.305599747044084
7.687640340042997	46.26355310047933
7.995145953644718	42.828467423826346
8.302651567246437	41.494096231858926
8.610157180848159	41.371067548317846
8.917662794449878	41.08139712536898
9.225168408051598	40.73548495665737
9.532674021653317	38.95685553719654
9.840179635255037	37.06217088911914
10.147685248856757	37.79121330994349
10.455190862458478	38.11495576146599
10.762696476060198	37.76211611426682
11.070202089661917	38.586258768240164
11.377707703263637	38.84017309554663
11.685213316865358	36.14194876854639
11.992718930467078	34.789404473443504
12.300224544068797	35.37909283429153
12.607730157670517	33.23582450840343
12.915235771272238	36.327606903849244
13.222741384873956	39.46605131722793
13.530246998475677	38.33422423282722
13.837752612077395	36.41336435641175
14.145258225679116	38.0734580390851
14.452763839280838	40.586061443562464
14.760269452882556	39.8752497043612
15.067775066484277	36.2975084782305
15.375280680085995	34.546275040862156
15.682786293687716	32.987560341760094
15.990291907289436	31.90193764554204
16.297797520891155	33.07462665812723
16.605303134492875	33.02944276471605
16.912808748094594	31.702316628965118
17.220314361696317	32.2393419550292
17.527819975298033	32.41157874029877
17.835325588899757	31.282078012420254
18.142831202501473	31.911495178664538
18.450336816103196	32.36559243054029
18.757842429704912	31.779091004455214
19.065348043306635	31.34247477724271
19.372853656908354	29.254280978427328
19.680359270510074	26.415728325698854
19.987864884111794	27.647206585648775
20.295370497713513	31.12649913598643
20.602876111315236	31.751513805308797
20.910381724916956	31.75937548947742
21.217887338518675	33.724313384213296
21.525392952120395	35.977364131064
21.832898565722115	35.369368274087655
22.140404179323834	31.061015279397942
22.447909792925554	27.556251538499133
22.755415406527273	28.176593779589552
23.062921020128993	30.52064118139134
23.370426633730716	32.281013630065985
23.677932247332432	31.787493545063754
23.985437860934155	29.261127266733705
24.29294347453587	27.627217388067542
24.600449088137594	27.29385669980459
24.907954701739314	26.371789886340853
25.215460315341033	26.495670296173518
25.52296592894275	28.39955966514332
25.830471542544476	29.582172687280817
26.13797715614619	29.214157801468676
26.445482769747912	28.550792760780823
26.75298838334963	28.15621764765815
27.060493996951354	26.25753404784728
27.367999610553074	24.534021093687866
27.67550522415479	26.349022927837808
27.983010837756513	28.019957669272735
28.290516451358233	28.203590723928613
28.59802206495995	28.750152628936654
28.905527678561675	27.549077630671928
29.21303329216339	25.02263266947022
29.52053890576511	23.858720644678858
29.828044519366834	23.010895657959693
30.135550132968554	23.790953580497465
30.44305574657027	25.569316631219227
30.75056136017199	26.58689178495524
31.058066973773713	26.471320387570685
31.365572587375432	26.35395600029352
31.673078200977148	25.757915450100853
31.98058381457887	24.997969793845094
32.28808942818059	26.01329840438069
32.59559504178231	26.335488956114737
32.90310065538403	24.58544007517795
33.21060626898575	22.565919815741815
33.51811188258747	24.157966685756538
33.82561749618919	25.245661130390168
34.133123109790915	25.714040283304218
34.440628723392635	25.97120374305475
34.74813433699435	24.51950367917371
35.05563995059607	23.79465079627325
35.363145564197794	25.288581144301176
35.67065117779951	27.05677554362138
35.97815679140122	26.909832157405805
36.285662405002945	24.036370148989562
36.59316801860467	21.85168709803111
36.90067363220639	24.1306163953857
37.208179245808104	25.227558217648216
37.515684859409824	25.827942164394152
37.82319047301155	26.586921895608203
38.13069608661327	26.31621268918728
38.43820170021498	24.879787820291224
38.74570731381671	23.94887198837378
39.05321292741843	25.13175163339648
39.36071854102015	25.4767619735599
39.66822415462187	23.390010056143176
39.97572976822359	20.095413584803413
40.28323538182531	21.64634648738189
40.590740995427026	24.08583951272204
40.898246609028746	24.81903582140667
41.20575222263047	24.90602281655231
41.513257836232185	23.527601298412772
41.82076344983391	24.3120861767978
42.12826906343563	24.391199799678294
42.43577467703735	23.557878705051188
42.743280290639056	24.80325475847412
43.05078590424079	25.266545891020826
43.35829151784251	24.16756523189771
43.66579713144423	24.960366562028167
43.97330274504595	24.972254045752308
44.28080835864767	23.120267181010256
44.58831397224939	22.07853196210625
44.89581958585111	23.79277420927503
45.20332519945282	23.625610566803616
45.51083081305455	21.338081254934345
45.81833642665627	22.69495856526399
46.125842040257986	23.368720170129684
46.433347653859705	22.30853720072411
46.74085326746143	23.28428479951944
47.048358881063145	24.433061823868336
47.355864494664864	23.563721929238834
47.663370108266584	20.92151117240291
47.97087572186831	21.977279328441675
48.278381335470016	24.012128988312824
48.58588694907174	23.607868965456056
48.89339256267346	24.078615147075286
49.20089817627519	24.32332992765824
49.508403789876915	22.124409211999957
49.81590940347863	20.473807395779154
50.12341501708034	22.25159168016478
50.43092063068207	22.420539411657625
50.73842624428379	23.598342407495544
51.0459318578855	25.58064029931089
51.35343747148722	24.873378358137444
51.66094308508895	22.990067210520696
51.96844869869066	24.04989122048851
52.27595431229238	23.940935893876105
52.58345992589411	22.50536967680023
52.890965539495824	24.006113558334977
53.19847115309754	24.42416733883967
53.50597676669926	24.29923278607953
53.81348238030099	24.666832502517288
54.12098799390271	22.73826302351305
54.428493607504414	22.039283868653925
54.73599922110615	22.267032315079852
55.04350483470786	20.603520088927706
55.35101044830958	20.069749888731625
55.658516061911314	21.798763807455053
55.966021675513026	22.14692310468791
56.273527289114746	23.266746988440758
56.581032902716466	25.457214896805272
56.888538516318185	25.972107682686733
57.1960441299199	24.268196959824067
57.50354974352163	22.578566950238937
57.81105535712335	21.83577843889994
58.118560970725056	22.431756910643124
58.42606658432678	23.96579315766325
58.73357219792849	24.660183802677224
59.04107781153022	24.661671151318263
59.348583425131935	23.034334892213934
59.65608903873367	21.90488975697715
59.96359465233539	21.757592448942926
60.27110026593711	23.410148677749998
60.57860587953883	23.64490970753932
60.88611149314054	22.54236039282969
61.19361710674226	23.73740419684447
61.50112272034398	24.612182675419973
61.808628333945705	22.94669424780942
62.116133947547425	23.282060372262677
62.423639561149145	24.043473546858763
62.731145174750864	22.623552463336356
63.038650788352584	21.642420249309332
63.346156401954296	22.352352715457698
63.653662015556016	21.452964627957986
63.96116762915774	21.023736325162915
64.26867324275946	22.986017365429152
64.57617885636118	24.0875355274655
64.88368446996289	24.796949063959875
65.19119008356462	24.68142900584773
65.49869569716634	23.374970204568456
65.80620131076806	22.43748789623246
66.1137069243698	21.459570234925632
66.4212125379715	21.432453648163715
66.72871815157322	21.343739524823732
67.03622376517494	21.518405049316954
67.34372937877666	20.205463476111785
67.65123499237838	20.041582528726085
67.9587406059801	21.959913781098777
68.26624621958183	23.00712809880521
68.57375183318355	22.046010507109145
68.88125744678527	21.354931168639016
69.18876306038699	22.157875646479464
69.4962686739887	23.17072875966921
69.8037742875904	24.516301353324312
70.11127990119213	25.017363851407257
70.41878551479385	23.253481029936168
70.72629112839559	23.39368660200583
71.03379674199729	23.103101094445545
71.34130235559903	20.32146937231223
71.64880796920073	22.83614490627027
71.95631358280244	23.653416124597793
72.26381919640417	24.522169236847834
72.57132481000589	24.674787422418
72.87883042360762	25.149651440614992
73.18633603720934	24.75692060212647
73.49384165081106	24.648595731491856
73.80134726441278	23.629292424752343
74.10885287801449	22.92637654255362
74.41635849161621	22.084047223609723
74.72386410521793	22.058711665149048
75.03136971881965	22.259814728621258
75.33887533242137	22.59970477493329
75.6463809460231	23.246078757549306
75.9538865596248	23.541828178981746
76.26139217322654	24.176681175180626
76.56889778682826	24.189413207286034
76.87640340042996	23.338953813941554
77.1839090140317	23.826488487581106
77.49141462763342	25.278347761266957
77.79892024123514	24.346226861739755
78.10642585483686	22.010572075484205
78.41393146843858	21.696422916159204
78.7214370820403	23.093856382953284
79.02894269564202	25.51862163692593
79.33644830924374	26.433655605426203
79.64395392284545	25.388802910316887
79.95145953644717	23.795245559638943
80.25896515004891	22.18833679715324
80.56647076365061	20.514468517518164
80.87397637725233	21.168243308925007
81.18148199085405	22.550905639426485
81.48898760445577	24.11348039935945
81.79649321805749	24.074524702192207
82.10399883165923	23.308422783447572
82.41150444526095	22.16634533927899
82.71901005886266	21.400946429566794
83.02651567246437	22.417971324069104
83.3340212860661	23.81276224209688
83.64152689966782	24.258458344463595
83.94903251326953	24.14588900653646
84.25653812687126	23.176500921626364
84.56404374047298	22.449017529116997
84.8715493540747	22.917868995312126
85.17905496767641	24.181491432156488
85.48656058127811	24.60679499196847
85.79406619487985	23.180576064076647
86.10157180848158	21.211760370503754
86.4090774220833	22.859178444036196
86.71658303568502	20.63569789852773
87.02408864928674	18.67510887321909
87.33159426288846	20.132596926772344
87.63909987649018	21.302444976190003
87.9466054900919	19.480089855973276
88.2541111036936	20.232117085679008
88.56161671729534	23.428370896937842
88.86912233089706	22.998611380918533
89.17662794449878	20.277319958003062
89.4841335581005	18.752070269818827
89.79163917170222	20.275193538662258
90.09914478530393	22.678445433705217
90.40665039890564	23.49628856783029
90.71415601250737	22.540695198674563
91.0216616261091	20.8350472964205
91.32916723971081	21.35418463960335
91.63667285331255	22.872169970854515
91.94417846691425	22.29933556922917
92.25168408051597	21.55480940115741
92.55918969411768	22.1574298512667
92.86669530771941	23.031292153091552
93.17420092132113	21.920626128403317
93.48170653492286	21.74979093256685
93.78921214852458	22.647548420764977
94.09671776212629	21.481871776293634
94.404223375728	21.64049115884022
94.71172898932973	21.936063599717798
95.01923460293145	21.327676160670567
95.32674021653317	19.702011984360272
95.63424583013489	20.416181721199514
95.94175144373662	22.656487152443706
96.24925705733834	21.7418404133694
96.55676267094003	22.18264029698492
96.86426828454178	23.106485489031133
97.17177389814348	22.983786883737256
97.47927951174522	23.328927907888787
97.78678512534692	21.62517849998025
98.09429073894866	19.626809321419096
98.40179635255038	20.740221762411814
98.70930196615211	21.84853097547826
99.01680757975383	21.863519836728468
99.32431319335552	20.174726738902905
99.63181880695726	19.121192513541526
99.93932442055896	21.67639557562341
100.24683003416068	23.192788960863258
100.55433564776241	22.71419563162017
100.86184126136413	21.782221609166008
101.16934687496585	21.652046892418277
101.47685248856757	22.811318748098056
101.78435810216929	23.004637664161102
102.091863715771	21.199938950484395
102.39936932937273	20.59252538353245
102.70687494297444	22.081213414419558
103.01438055657617	22.492524666157067
103.3218861701779	23.284457815844593
103.6293917837796	22.70420666580265
103.93689739738132	20.31389080320561
104.24440301098306	21.3507226469903
104.55190862458475	22.012881359552274
104.85941423818649	21.219808065837196
105.16691985178822	21.31889169432256
105.47442546538993	18.9156673511945
105.78193107899165	19.68524130169182
106.08943669259337	22.39227158903499
106.39694230619509	23.934069195649514
106.7044479197968	23.725074966707105
107.01195353339853	21.08738278423494
107.31945914700025	18.747720522894127
107.62696476060198	21.07471468250521
107.9344703742037	24.183450760072326
108.24197598780542	24.078551713392358
108.54948160140711	19.898133851224447
108.85698721500883	21.45677302352688
109.16449282861056	23.068114589789754
109.4719984422123	20.912348542194277
109.779504055814	20.74512023047226
110.08700966941572	22.111847483892433
110.39451528301744	23.403996830639215
110.70202089661916	22.65459532234713
111.00952651022088	20.336089625600327
111.31703212382263	18.575253963780437
111.62453773742432	20.47132366949755
111.93204335102605	21.739803847984863
112.23954896462777	22.3823015974202
112.54705457822949	23.5724689429496
112.85456019183121	23.93452930368454
113.16206580543293	23.06201397964959
113.46957141903465	20.213066295711315
113.77707703263637	18.81617448533744
114.08458264623808	19.033333874626944
114.3920882598398	20.204210923568702
114.69959387344151	20.192091061959047
115.00709948704326	20.92406451405018
115.31460510064495	21.696462911557745
115.6221107142467	21.62243081593171
115.9296163278484	21.23183496138104
116.23712194145011	22.275727857917055
116.54462755505186	23.948109494439606
116.85213316865357	23.90452192294071
117.15963878225529	24.744196613414534
117.46714439585698	24.900142667708703
117.77465000945872	23.50883351362336
118.08215562306044	22.725549738958215
118.38966123666216	22.950282044358154
118.69716685026387	24.893399838309303
119.00467246386559	24.875952393131193
119.31217807746734	23.241250912679035
119.61968369106906	22.81577953836682
119.92718930467078	24.64383340668938
120.23469491827247	25.687808466316824
120.54220053187422	24.10046292634901
120.84970614547592	23.493387280599975
121.15721175907765	25.136509569901904
121.46471737267936	25.829234224963283
121.77222298628108	26.328458299260827
122.0797285998828	24.683256667460075
122.38723421348452	21.059718106805096
122.69473982708624	23.27389317317894
123.00224544068796	25.004492736480177
123.30975105428968	25.540194070305603
123.61725666789141	24.92421564095657
123.92476228149313	23.259466777580066
124.23226789509485	23.02102270085995
124.53977350869657	24.558724365106936
124.84727912229829	25.268693001373638
125.15478473590001	23.43298087507218
125.46229034950173	23.41900257179008
125.76979596310345	25.340941368487147
126.07730157670517	25.45125502727018
126.38480719030687	24.24065230100552
126.69231280390859	22.008693949621943
126.99981841751031	21.77571334487423
127.30732403111203	22.81034562614662
127.61482964471374	22.204987332094564
127.92233525831548	22.08906878239924
128.22984087191722	23.270956914697628
128.53734648551892	22.655439049349866
128.84485209912063	21.5191526417254
129.15235771272236	21.339022007602573
129.4598633263241	22.267409967683065
129.76736893992577	22.938642849013938
130.07487455352754	22.759685766442356
130.38238016712924	22.66356730761158
130.68988578073098	22.068723636539033
130.99739139433268	20.13562571200016
131.30489700793441	20.43542431978595
131.61240262153612	21.6453547411092
131.91990823513783	22.217577482507487
132.2274138487396	22.50799807621672
132.5349194623413	21.35751552007095
132.842425075943	22.23513507536355
133.1499306895447	22.391707322339588
133.45743630314644	21.48828441619914
133.76494191674817	20.041647506984816
134.07244753034988	19.155674473336216
134.3799531439516	19.94542816845113
134.68745875755332	22.042569012959802
134.99496437115505	23.24123127213444
135.30246998475675	23.711047732913265
135.6099755983585	23.346480579389265
135.9174812119602	22.08670841377263
136.22498682556193	22.323800871107892
136.53249243916366	23.08286018330417
136.83999805276534	22.825287285498707
137.1475036663671	22.73027857322613
137.45500927996878	22.69333114192488
137.76251489357054	22.73637408337898
138.07002050717225	21.272300175161845
138.37752612077398	21.42025997201133
138.68503173437568	23.045479730994213
138.9925373479774	24.18463096007728
139.30004296157912	24.885659941096534
139.6075485751808	24.028808396454583
139.91505418878256	22.487889655711278
140.22255980238427	22.194814315515412
140.530065415986	21.263048007908502
140.8375710295877	20.727880228782006
141.1450766431894	21.34448966098151
141.45258225679117	21.811906503296466
141.76008787039285	22.15195948834554
142.06759348399459	22.649041088780663
142.3750990975963	23.65225286453155
142.68260471119805	24.404945929452417
142.99011032479976	23.20575197452639
143.29761593840146	21.054195458182633
143.6051215520032	21.503828888670107
143.91262716560487	22.06946038267501
144.22013277920664	22.1267113470089
144.52763839280834	22.69557701697108
144.83514400641008	23.18481383351626
145.14264962001178	22.884920932321272
145.45015523361351	21.88129312370944
145.75766084721525	21.78663404124587
146.06516646081695	20.961695781800106
146.3726720744187	17.96839720584755
146.68017768802036	17.934942832364392
146.98768330162213	17.953604471755447
147.29518891522383	20.6778289375289
147.60269452882557	21.83014068198065
147.91020014242727	22.905922569418212
148.21770575602898	22.052440815046864
148.5252113696307	17.743904847228382
148.83271698323242	17.62544206170299
149.14022259683415	19.66921042123595
149.44772821043586	21.177545477061095
149.7552338240376	21.88940154272702
150.0627394376393	22.396484314954407
150.370245051241	22.112713031102835
150.67775066484273	21.939480880640893
150.9852562784445	23.055914817408627
151.2927618920462	23.788595496191242
151.6002675056479	23.133458382863022
151.9077731192496	21.12733697165578
152.21527873285135	21.951292197948042
152.52278434645308	23.89986364889328
152.83028996005478	24.08913413676219
153.13779557365652	23.755398203305496
153.44530118725825	23.43923554749211
153.75280680085993	22.03007377940065